1 1.5406e-05
11 3.6569e-05
21 8.5227e-05
31 7.3574e-05
41 0.000133943
51 0.000112186
61 0.000198787
71 0.000153434
81 0.000235564
91 0.000201367
101 0.000239414
111 0.000303321
121 0.000324834
131 0.000363328
141 0.000244295
151 0.000234236
161 0.000405286
171 0.000408982
181 0.000415053
191 0.000317219
201 0.000325294
211 0.000494031
221 0.000364936
231 0.00034524
241 0.000424116
251 0.000419055
261 0.000610619
271 0.000669039
281 0.000461295
291 0.000698413
301 0.000457291
311 0.000573146
321 0.000567246
331 0.000727042
341 0.00058126
351 0.000849573
361 0.000645035
371 0.00078294
381 0.000800287
391 0.000972727
401 0.000849435
411 0.000664648
421 0.000695493
431 0.000732775
441 0.000689579
451 0.000713687
461 0.00073883
471 0.000753783
481 0.000764093
491 0.00077635
501 0.00117616
511 0.000841703
521 0.000878499
531 0.000825118
541 0.000847314
551 0.00090093
561 0.000872915
571 0.000895321
581 0.00106283
591 0.00118584
601 0.00109792
611 0.00102551
621 0.000989266
631 0.00112413
641 0.00146096
651 0.00110374
661 0.00121282
671 0.00127555
681 0.00164111
691 0.00157906
701 0.00118742
711 0.00158582
721 0.00120465
731 0.00128625
741 0.00128787
751 0.00104271
761 0.0013394
771 0.00106654
781 0.00157289
791 0.00187552
801 0.00129643
811 0.00125157
821 0.00130263
831 0.00131192
841 0.00129953
851 0.00202592
861 0.00195972
871 0.00146329
881 0.00135575
891 0.00161742
901 0.00161608
911 0.00162622
921 0.00146746
931 0.00205236
941 0.00169168
951 0.0014977
961 0.00178091
971 0.00164843
981 0.00186166
991 0.0014678
1001 0.00156183
1011 0.00155296
1021 0.00166214
1031 0.00220331
1041 0.00173207
1051 0.00225481
1061 0.00163793
1071 0.00189298
1081 0.00171028
1091 0.00192609
1101 0.00174187
1111 0.00214904
1121 0.0021183
1131 0.00176729
1141 0.00224168
1151 0.0017815
1161 0.00206067
1171 0.00202011
1181 0.0021011
1191 0.00209234
1201 0.00187821
1211 0.00210297
1221 0.00217162
1231 0.00187949
1241 0.00190301
1251 0.00203966
1261 0.00301131
1271 0.00265118
1281 0.00286355
1291 0.00294351
1301 0.00283836
1311 0.00297844
1321 0.00283661
1331 0.00221962
1341 0.0021586
1351 0.00231528
1361 0.0023153
1371 0.00231385
1381 0.00243779
1391 0.00235218
1401 0.00229278
1411 0.00321111
1421 0.00225294
1431 0.00226331
1441 0.00310671
1451 0.00233249
1461 0.00240606
1471 0.00201858
1481 0.00228116
1491 0.00255138
1501 0.00253993
1511 0.00253825
1521 0.00225345
1531 0.00249681
1541 0.00254477
1551 0.00265755
1561 0.00243869
1571 0.00241996
1581 0.00248622
1591 0.00265555
1601 0.00256404
1611 0.0029113
1621 0.00338308
1631 0.00314027
1641 0.00306292
1651 0.00264721
1661 0.00256906
1671 0.00264412
1681 0.00259655
1691 0.00275282
1701 0.00284718
1711 0.00266542
1721 0.002574
1731 0.00287512
1741 0.00271097
1751 0.0030915
1761 0.00313171
1771 0.00301384
1781 0.00362199
1791 0.0035988
1801 0.00315057
1811 0.00318293
1821 0.00289273
1831 0.00306264
1841 0.0031073
1851 0.00306948
1861 0.00290178
1871 0.00320238
1881 0.00315435
1891 0.00327698
1901 0.00421945
1911 0.00319309
1921 0.00286691
1931 0.00299818
1941 0.00313908
1951 0.00360887
1961 0.00303231
1971 0.00301349
1981 0.00301403
1991 0.00408025
2001 0.00352946
2011 0.00342586
2021 0.00337356
2031 0.00340388
2041 0.00327104
2051 0.00339155
2061 0.00390493
2071 0.00372853
2081 0.00455737
2091 0.00439984
2101 0.00432149
2111 0.00432353
2121 0.00327611
2131 0.00384838
2141 0.00374801
2151 0.00350854
2161 0.00422252
2171 0.00445178
2181 0.00416158
2191 0.00432712
2201 0.00458655
2211 0.00456278
2221 0.00384335
2231 0.00484911
2241 0.00442553
2251 0.00401876
2261 0.00476259
2271 0.00375635
2281 0.0038635
2291 0.00363305
2301 0.00374445
2311 0.0047177
2321 0.00476585
2331 0.00405324
2341 0.00474886
2351 0.00434617
2361 0.00476871
2371 0.00480697
2381 0.00488724
2391 0.00409995
2401 0.00437528
2411 0.00485932
2421 0.0050439
2431 0.00437452
2441 0.00431734
2451 0.00382105
2461 0.00486865
2471 0.00416249
2481 0.00402284
2491 0.00418675
2501 0.00442128
2511 0.00479555
2521 0.00525793
2531 0.00513559
2541 0.00408726
2551 0.00421912
2561 0.00438234
2571 0.00433412
2581 0.00447795
2591 0.00527744
2601 0.0052644
2611 0.00445761
2621 0.00439402
2631 0.00388839
2641 0.00515015
2651 0.00504716
2661 0.00412962
2671 0.004492
2681 0.00422404
2691 0.00478695
2701 0.00450192
2711 0.00439291
2721 0.00535217
2731 0.00447716
2741 0.0052343
2751 0.00512553
2761 0.00536395
2771 0.00462029
2781 0.00506519
2791 0.00480469
2801 0.00535305
2811 0.004248
2821 0.0066423
2831 0.00536912
2841 0.00469247
2851 0.00450697
2861 0.00468692
2871 0.00529024
2881 0.00470809
2891 0.0044126
2901 0.00487299
2911 0.00460719
2921 0.00638334
2931 0.0049113
2941 0.00530072
2951 0.00587561
2961 0.00531622
2971 0.00551377
2981 0.00540084
2991 0.00544678
3001 0.00578131
3011 0.00602447
3021 0.00540771
3031 0.00467532
3041 0.00479411
3051 0.00469018
3061 0.00497242
3071 0.00596804
3081 0.0049844
3091 0.00513925
3101 0.00492737
3111 0.00549396
3121 0.00535751
3131 0.00514904
3141 0.00513904
3151 0.00517633
3161 0.00490997
3171 0.00498908
3181 0.00536886
3191 0.00530009
3201 0.00500343
3211 0.00628516
3221 0.00475649
3231 0.00608532
3241 0.00665413
3251 0.00610255
3261 0.00591016
3271 0.00588089
3281 0.00535071
3291 0.00588617
3301 0.00532977
3311 0.00540867
3321 0.00534099
3331 0.00524537
3341 0.0052337
3351 0.00539912
3361 0.00528443
3371 0.00601202
3381 0.00586909
3391 0.00609147
3401 0.00520017
3411 0.00591511
3421 0.00578884
3431 0.00546069
3441 0.00616074
3451 0.00593732
3461 0.00533326
3471 0.00575741
3481 0.00569637
3491 0.00607992
3501 0.00576993
3511 0.00507191
3521 0.00643073
3531 0.00613581
3541 0.00633236
3551 0.00643704
3561 0.00595312
3571 0.00636778
3581 0.00633124
3591 0.00635181
3601 0.00628232
3611 0.0055388
3621 0.0055807
3631 0.0062235
3641 0.00684858
3651 0.00558409
3661 0.00646181
3671 0.00657897
3681 0.00648265
3691 0.00646519
3701 0.00672979
3711 0.00681631
3721 0.0060098
3731 0.00676143
3741 0.00674484
3751 0.00660943
3761 0.00629967
3771 0.00655226
3781 0.00667817
3791 0.00676547
3801 0.00674392
3811 0.00615268
3821 0.0066538
3831 0.0066402
3841 0.00657679
3851 0.00617513
3861 0.00697199
3871 0.00711917
3881 0.00697338
3891 0.00625887
3901 0.00770523
3911 0.00627623
3921 0.00674768
3931 0.00694396
3941 0.00629915
3951 0.00686752
3961 0.00618632
3971 0.00614266
3981 0.00598987
3991 0.00746306
4001 0.00681764
4011 0.00750275
4021 0.00627576
4031 0.00664131
4041 0.00626802
4051 0.00693098
4061 0.00629274
4071 0.00685931
4081 0.00717766
4091 0.00721425
4101 0.00704634
4111 0.0070663
4121 0.00745768
4131 0.0072247
4141 0.00724094
4151 0.0063897
4161 0.00657272
4171 0.00702652
4181 0.00668858
4191 0.00620695
4201 0.00624225
4211 0.00619547
4221 0.00623264
4231 0.00632201
4241 0.00697414
4251 0.00809937
4261 0.00920176
4271 0.00734802
4281 0.00732712
4291 0.00682866
4301 0.00737544
4311 0.00724729
4321 0.00660576
4331 0.00732758
4341 0.00739054
4351 0.00969696
4361 0.0103956
4371 0.010527
4381 0.00900422
4391 0.00820669
4401 0.0105855
4411 0.010704
4421 0.0103333
4431 0.00836115
4441 0.00694828
4451 0.0106123
4461 0.0079541
4471 0.00798189
4481 0.00854203
4491 0.00843037
4501 0.0107467
4511 0.0088108
4521 0.0103579
4531 0.0113547
4541 0.0108447
4551 0.0107612
4561 0.0109558
4571 0.0101615
4581 0.00871621
4591 0.00870736
4601 0.0107688
4611 0.0078262
4621 0.00776531
4631 0.0085038
4641 0.0111304
4651 0.009086
4661 0.00972667
4671 0.0111186
4681 0.00787167
4691 0.00763813
4701 0.00747477
4711 0.00717601
4721 0.00863986
4731 0.0111707
4741 0.00819759
4751 0.00916445
4761 0.00947763
4771 0.00841955
4781 0.00890574
4791 0.00898533
4801 0.00870746
4811 0.0119876
4821 0.00955789
4831 0.0104196
4841 0.00913918
4851 0.00991224
4861 0.00976984
4871 0.00891641
4881 0.0100644
4891 0.0094461
4901 0.00995634
4911 0.00884525
4921 0.00850729
4931 0.00819445
4941 0.00806527
4951 0.00736636
4961 0.00774652
4971 0.00737399
4981 0.00789848
4991 0.00767854
5000 0.00706236
5010 0.00841358
5020 0.00839763
5030 0.00777511
5040 0.00842692
5050 0.00833497
5060 0.00758509
5070 0.00795373
5080 0.00794892
5090 0.00768965
5100 0.00759681
5110 0.00803502
5120 0.00765065
5130 0.00787332
5140 0.00778912
5150 0.00776659
5160 0.00765747
5170 0.00760218
5180 0.00769489
5190 0.00863512
5200 0.00834928
5210 0.00809473
5220 0.00813539
5230 0.0079336
5240 0.00799596
5250 0.00808625
5260 0.0079109
5270 0.00832977
5280 0.00818424
5290 0.00851025
5300 0.00772485
5310 0.00792217
5320 0.00809916
5330 0.00774793
5340 0.00782727
5350 0.00772837
5360 0.00826113
5370 0.00888078
5380 0.0082099
5390 0.00871121
5400 0.008452
5410 0.00803805
5420 0.0083647
5430 0.00832485
5440 0.00864711
5450 0.00794501
5460 0.00772899
5470 0.008252
5480 0.00817342
5490 0.00812887
5500 0.00814962
5510 0.00805238
5520 0.00803077
5530 0.00833318
5540 0.00797585
5550 0.00831746
5560 0.00828642
5570 0.00905798
5580 0.00895334
5590 0.00884098
5600 0.00889897
5610 0.00910118
5620 0.00836135
5630 0.00851688
5640 0.00841481
5650 0.0088114
5660 0.00886818
5670 0.00903811
5680 0.0085195
5690 0.0084974
5700 0.0091089
5710 0.00899471
5720 0.00999023
5730 0.00901756
5740 0.00916405
5750 0.00910862
5760 0.00902246
5770 0.00900606
5780 0.0090704
5790 0.00909565
5800 0.00915645
5810 0.00913759
5820 0.00910582
5830 0.00888856
5840 0.00910044
5850 0.00874327
5860 0.00895267
5870 0.00891849
5880 0.00867961
5890 0.00880496
5900 0.00875523
5910 0.00853467
5920 0.00858279
5930 0.00914467
5940 0.00936514
5950 0.00941846
5960 0.00947343
5970 0.00944292
5980 0.00877672
5990 0.00855942
6000 0.00911155
6010 0.00888014
6020 0.00915942
6030 0.00939472
6040 0.00914078
6050 0.00916336
6060 0.00975158
6070 0.00904276
6080 0.00910552
6090 0.00960906
6100 0.00953868
6110 0.00889243
6120 0.00900969
6130 0.00898843
6140 0.0089329
6150 0.00888469
6160 0.00917165
6170 0.00900434
6180 0.00924386
6190 0.00922632
6200 0.00891583
6210 0.00971362
6220 0.00986426
6230 0.00989443
6240 0.00984612
6250 0.00969718
6260 0.00977925
6270 0.0101881
6280 0.00996209
6290 0.00991834
6300 0.0100754
6310 0.00999708
6320 0.00932182
6330 0.0097868
6340 0.00983247
6350 0.00927566
6360 0.00901221
6370 0.00935188
6380 0.0102428
6390 0.00930654
6400 0.00926001
6410 0.00993871
6420 0.0093176
6430 0.0102631
6440 0.00994907
6450 0.00913181
6460 0.00963112
6470 0.00917786
6480 0.00929781
6490 0.00939098
6500 0.00962381
6510 0.00941547
6520 0.0102919
6530 0.0103218
6540 0.0112798
6550 0.0102596
6560 0.00946322
6570 0.0101485
6580 0.00937866
6590 0.00944748
6600 0.00948479
6610 0.00977016
6620 0.00956694
6630 0.00966714
6640 0.0097348
6650 0.0101879
6660 0.00947049
6670 0.0121364
6680 0.00984114
6690 0.0101998
6700 0.0104643
6710 0.00996898
6720 0.0108649
6730 0.00988575
6740 0.00998423
6750 0.00995502
6760 0.00985561
6770 0.00960111
6780 0.0103939
6790 0.0106254
6800 0.00960517
6810 0.0100253
6820 0.0104853
6830 0.0100431
6840 0.0100246
6850 0.0102448
6860 0.0100354
6870 0.0110535
6880 0.010255
6890 0.0108596
6900 0.0111068
6910 0.0110194
6920 0.0106902
6930 0.0100921
6940 0.010202
6950 0.0109278
6960 0.0109334
6970 0.0100429
6980 0.0109197
6990 0.0105625
7000 0.0107454
7010 0.0109896
7020 0.0110469
7030 0.0106828
7040 0.0107495
7050 0.0106741
7060 0.0101828
7070 0.0104768
7080 0.0102525
7090 0.0101741
7100 0.0100034
7110 0.0122206
7120 0.0107527
7130 0.0106151
7140 0.0110226
7150 0.0106348
7160 0.0103399
7170 0.0108437
7180 0.0106273
7190 0.0106009
7200 0.0110708
7210 0.0107874
7220 0.0113247
7230 0.0113888
7240 0.0111057
7250 0.0108547
7260 0.0112438
7270 0.0107433
7280 0.0119217
7290 0.0108452
7300 0.0112718
7310 0.0106184
7320 0.0116544
7330 0.0108501
7340 0.0115603
7350 0.0110052
7360 0.0126884
7370 0.0119353
7380 0.0114699
7390 0.0112661
7400 0.0117841
7410 0.0115248
7420 0.012559
7430 0.0119846
7440 0.0118201
7450 0.0120085
7460 0.0113116
7470 0.0113588
7480 0.0118975
7490 0.011205
7500 0.011186
7510 0.0120906
7520 0.0108826
7530 0.0110532
7540 0.0119242
7550 0.0118349
7560 0.0118934
7570 0.0120173
7580 0.0113885
7590 0.0112852
7600 0.0110189
7610 0.0116225
7620 0.0119387
7630 0.0118343
7640 0.0117381
7650 0.0118285
7660 0.0117363
7670 0.0114084
7680 0.011272
7690 0.0122069
7700 0.0117475
7710 0.0114156
7720 0.0113394
7730 0.0114467
7740 0.0114513
7750 0.0114988
7760 0.0122451
7770 0.0111
7780 0.0112596
7790 0.0120164
7800 0.0114246
7810 0.0119161
7820 0.0119788
7830 0.0119663
7840 0.0122757
7850 0.0118686
7860 0.011467
7870 0.0119966
7880 0.0118546
7890 0.0121163
7900 0.0121028
7910 0.0121056
7920 0.0121359
7930 0.0123074
7940 0.0121814
7950 0.0120698
7960 0.0124297
7970 0.0130296
7980 0.0124426
7990 0.0121911
8000 0.0122578
8010 0.0114695
8020 0.0122919
8030 0.0117163
8040 0.0123659
8050 0.0122636
8060 0.012466
8070 0.0120585
8080 0.0117671
8090 0.0117268
8100 0.0143329
8110 0.012056
8120 0.0124711
8130 0.0124003
8140 0.0121331
8150 0.0131328
8160 0.0133659
8170 0.0116552
8180 0.0116476
8190 0.0123625
8200 0.0122358
8210 0.0128043
8220 0.0119169
8230 0.0127716
8240 0.0122591
8250 0.0137665
8260 0.0121503
8270 0.0122868
8280 0.0126347
8290 0.0128048
8300 0.0127133
8310 0.0126438
8320 0.0128871
8330 0.0130006
8340 0.0129335
8350 0.0124562
8360 0.0127698
8370 0.0128547
8380 0.0128571
8390 0.0128019
8400 0.0133011
8410 0.0128516
8420 0.0129283
8430 0.0129667
8440 0.0125186
8450 0.0125865
8460 0.0124005
8470 0.0125143
8480 0.0123664
8490 0.0123485
8500 0.0128061
8510 0.0129496
8520 0.0131668
8530 0.0129611
8540 0.0131447
8550 0.012659
8560 0.0123556
8570 0.0126059
8580 0.0127908
8590 0.0131047
8600 0.0124532
8610 0.013273
8620 0.0135043
8630 0.0124752
8640 0.012745
8650 0.0134481
8660 0.012742
8670 0.0125445
8680 0.0131257
8690 0.0127257
8700 0.0130359
8710 0.0126728
8720 0.0137936
8730 0.0130867
8740 0.0129375
8750 0.0130142
8760 0.0130584
8770 0.012909
8780 0.0127201
8790 0.0128484
8800 0.0132812
8810 0.0127221
8820 0.0134893
8830 0.0136929
8840 0.0141792
8850 0.017214
8860 0.0133024
8870 0.0137484
8880 0.0133838
8890 0.0130311
8900 0.0130808
8910 0.01358
8920 0.0135032
8930 0.0132981
8940 0.0136337
8950 0.0132705
8960 0.0132454
8970 0.014034
8980 0.0134533
8990 0.0134302
9000 0.0137709
9010 0.0134467
9020 0.013423
9030 0.0135961
9040 0.0135553
9050 0.0132199
9060 0.012943
9070 0.0134574
9080 0.0135011
9090 0.0140132
9100 0.0133494
9110 0.0139233
9120 0.0130663
9130 0.0135677
9140 0.0133944
9150 0.013654
9160 0.0140684
9170 0.0137177
9180 0.0138131
9190 0.0138203
9200 0.0139877
9210 0.0140361
9220 0.0138433
9230 0.0135207
9240 0.0136717
9250 0.0135256
9260 0.0140335
9270 0.0141263
9280 0.0143136
9290 0.0133699
9300 0.0144051
9310 0.0135116
9320 0.0145162
9330 0.0142672
9340 0.0144351
9350 0.0135604
9360 0.0149155
9370 0.0137991
9380 0.0140069
9390 0.0140326
9400 0.0138316
9410 0.0139306
9420 0.013663
9430 0.0135398
9440 0.0134872
9450 0.0152212
9460 0.0139547
9470 0.0139011
9480 0.0138029
9490 0.0144537
9500 0.0141758
9510 0.0143356
9520 0.0137747
9530 0.0151871
9540 0.0138423
9550 0.0144091
9560 0.014715
9570 0.0142565
9580 0.0142204
9590 0.0140606
9600 0.0140396
9610 0.0142257
9620 0.0143393
9630 0.0145788
9640 0.0139184
9650 0.0141687
9660 0.0146116
9670 0.0155004
9680 0.0145791
9690 0.014539
9700 0.014517
9710 0.0142891
9720 0.0150037
9730 0.0147813
9740 0.015015
9750 0.014729
9760 0.0150486
9770 0.0149897
9780 0.0159852
9790 0.0154608
9800 0.0147628
9810 0.0145075
9820 0.0141684
9830 0.0150116
9840 0.0159371
9850 0.0151039
9860 0.0149206
9870 0.0156349
9880 0.01505
9890 0.014937
9900 0.0146485
9910 0.0145884
9920 0.0147726
9930 0.0148638
9940 0.0151059
9950 0.0148697
9960 0.0147238
9970 0.0143434
9980 0.0144731
9990 0.0144333
10000 0.0157484
10010 0.0146972
10020 0.0151698
10030 0.0150962
10040 0.0155171
10050 0.014863
10060 0.0146162
10070 0.0147067
10080 0.0148113
10090 0.0147283
10100 0.0148127
10110 0.0152734
10120 0.0149116
10130 0.0151781
10140 0.0151629
10150 0.0154399
10160 0.0153536
10170 0.0154307
10180 0.0144638
10190 0.0153339
10200 0.0145619
10210 0.0155164
10220 0.0157765
10230 0.0154114
10240 0.0152077
10250 0.0153521
10260 0.0154869
10270 0.0156103
10280 0.0154816
10290 0.0154236
10300 0.0159583
10310 0.0151687
10320 0.0150297
10330 0.0158288
10340 0.015608
10350 0.016208
10360 0.0152918
10370 0.0152195
10380 0.0156389
10390 0.0157887
10400 0.0149793
10410 0.0150233
10420 0.0156691
10430 0.0156194
10440 0.0157336
10450 0.0157626
10460 0.015975
10470 0.0162071
10480 0.0153523
10490 0.0150882
10500 0.0154654
10510 0.0152857
10520 0.0153822
10530 0.0158227
10540 0.0154553
10550 0.0162123
10560 0.0151981
10570 0.0159125
10580 0.0156177
10590 0.0170165
10600 0.0162047
10610 0.0152961
10620 0.0152417
10630 0.0154562
10640 0.0153458
10650 0.0159255
10660 0.0163187
10670 0.0153748
10680 0.0159726
10690 0.0153045
10700 0.0161743
10710 0.0153158
10720 0.0153525
10730 0.0156294
10740 0.0155217
10750 0.0157517
10760 0.0160972
10770 0.0158355
10780 0.0162166
10790 0.016272
10800 0.0160619
10810 0.0158838
10820 0.0157831
10830 0.0162226
10840 0.0154783
10850 0.0164633
10860 0.0165749
10870 0.0158077
10880 0.0159389
10890 0.0159799
10900 0.0162172
10910 0.0155934
10920 0.0156036
10930 0.0156182
10940 0.0157387
10950 0.0156394
10960 0.0156041
10970 0.0162993
10980 0.0156842
10990 0.0162765
11000 0.0160839
11010 0.0168882
11020 0.0164157
11030 0.0164715
11040 0.0156746
11050 0.0163767
11060 0.0175064
11070 0.0164977
11080 0.015768
11090 0.0164479
11100 0.0157309
11110 0.0165962
11120 0.0166095
11130 0.0161122
11140 0.0160928
11150 0.0164802
11160 0.0177084
11170 0.015835
11180 0.0161261
11190 0.0159505
11200 0.0165597
11210 0.0158731
11220 0.0166059
11230 0.0160355
11240 0.0163764
11250 0.0162909
11260 0.0169896
11270 0.0164673
11280 0.0161109
11290 0.0163782
11300 0.0161826
11310 0.0166922
11320 0.0167114
11330 0.0166165
11340 0.0171799
11350 0.0165096
11360 0.018042
11370 0.0166243
11380 0.0164999
11390 0.0162364
11400 0.016493
11410 0.0162679
11420 0.0167399
11430 0.0164196
11440 0.016649
11450 0.0165233
11460 0.0171473
11470 0.0167129
11480 0.0165334
11490 0.0163147
11500 0.0170675
11510 0.0168353
11520 0.0171155
11530 0.017247
11540 0.0168502
11550 0.0180914
11560 0.0183047
11570 0.0171193
11580 0.0170989
11590 0.016926
11600 0.0164198
11610 0.0165203
11620 0.0167662
11630 0.016711
11640 0.0167612
11650 0.0165147
11660 0.0172136
11670 0.0164906
11680 0.0167794
11690 0.0168723
11700 0.0172771
11710 0.0174715
11720 0.0173154
11730 0.0174018
11740 0.0172087
11750 0.0169552
11760 0.0187763
11770 0.0170533
11780 0.0171702
11790 0.0170732
11800 0.0188754
11810 0.0176649
11820 0.0175764
11830 0.0180997
11840 0.0179537
11850 0.018692
11860 0.0167821
11870 0.0184572
11880 0.017506
11890 0.0181038
11900 0.0174706
11910 0.0173325
11920 0.0174924
11930 0.0174776
11940 0.0172665
11950 0.0176186
11960 0.0172735
11970 0.0181185
11980 0.0189907
11990 0.0172542
12000 0.0186479
12010 0.0186034
12020 0.0178491
12030 0.0182778
12040 0.0179929
12050 0.0171188
12060 0.0173929
12070 0.0172892
12080 0.0188222
12090 0.0172529
12100 0.0178781
12110 0.0179268
12120 0.018074
12130 0.0181161
12140 0.0202083
12150 0.0191445
12160 0.0198156
12170 0.0200051
12180 0.0191161
12190 0.018102
12200 0.020087
12210 0.0176921
12220 0.0177741
12230 0.0172284
12240 0.018237
12250 0.0181486
12260 0.018607
12270 0.0187709
12280 0.017949
12290 0.0180128
12300 0.0179515
12310 0.0183128
12320 0.0180783
12330 0.0180916
12340 0.0182549
12350 0.0180271
12360 0.0179389
12370 0.0206603
12380 0.0174848
12390 0.0174808
12400 0.0185152
12410 0.0178635
12420 0.0176237
12430 0.0183693
12440 0.0182521
12450 0.0181485
12460 0.0177554
12470 0.0182033
12480 0.0176982
12490 0.0182942
12500 0.0177044
12510 0.018082
12520 0.0186155
12530 0.0184719
12540 0.018175
12550 0.0185958
12560 0.0183779
12570 0.0182159
12580 0.0195459
12590 0.017762
12600 0.0183463
12610 0.0183566
12620 0.0188312
12630 0.0184982
12640 0.0179978
12650 0.0188441
12660 0.0189288
12670 0.0188862
12680 0.0182032
12690 0.018156
12700 0.0180773
12710 0.0181622
12720 0.0186778
12730 0.018486
12740 0.0181582
12750 0.018416
12760 0.0200804
12770 0.0187288
12780 0.018482
12790 0.0181326
12800 0.0181867
12810 0.0184173
12820 0.0187602
12830 0.0184179
12840 0.0182985
12850 0.0191784
12860 0.0183092
12870 0.0183059
12880 0.0181636
12890 0.018261
12900 0.0189087
12910 0.0182547
12920 0.0183464
12930 0.019855
12940 0.0194991
12950 0.0186089
12960 0.0183962
12970 0.0186468
12980 0.0185439
12990 0.0189265
13000 0.0194312
13010 0.019029
13020 0.0192393
13030 0.0194689
13040 0.0199029
13050 0.0208229
13060 0.0194097
13070 0.0189125
13080 0.019105
13090 0.0190634
13100 0.0186271
13110 0.0191436
13120 0.0204135
13130 0.0198799
13140 0.0187481
13150 0.0193352
13160 0.019225
13170 0.0192155
13180 0.0197956
13190 0.0197451
13200 0.0192847
13210 0.0203562
13220 0.0195432
13230 0.0194604
13240 0.0192987
13250 0.0191809
13260 0.0195034
13270 0.0201019
13280 0.0192575
13290 0.019393
13300 0.0200943
13310 0.0191782
13320 0.0189434
13330 0.0194083
13340 0.0192322
13350 0.0190098
13360 0.0191103
13370 0.0191104
13380 0.0190129
13390 0.0196037
13400 0.0189059
13410 0.0201257
13420 0.0191668
13430 0.0196035
13440 0.0197027
13450 0.0193835
13460 0.0198981
13470 0.0196264
13480 0.0200662
13490 0.0194226
13500 0.0197095
13510 0.0199671
13520 0.0191595
13530 0.0197769
13540 0.019886
13550 0.0196917
13560 0.0200498
13570 0.0214733
13580 0.0198346
13590 0.0197709
13600 0.0194744
13610 0.0197709
13620 0.0194376
13630 0.0196559
13640 0.0195156
13650 0.0196087
13660 0.0204196
13670 0.0197254
13680 0.019622
13690 0.01983
13700 0.0195449
13710 0.0208373
13720 0.0197008
13730 0.0200071
13740 0.0204803
13750 0.0198055
13760 0.02051
13770 0.0196829
13780 0.0197383
13790 0.0203168
13800 0.0201567
13810 0.020298
13820 0.0197977
13830 0.0207128
13840 0.0201699
13850 0.0202868
13860 0.0200585
13870 0.0201573
13880 0.0203959
13890 0.0199702
13900 0.0196323
13910 0.0202449
13920 0.0202353
13930 0.0206178
13940 0.0197712
13950 0.0206168
13960 0.0202927
13970 0.0209781
13980 0.0205545
13990 0.0200423
14000 0.0201915
14010 0.0203318
14020 0.0200898
14030 0.0206519
14040 0.0199596
14050 0.0203398
14060 0.0203039
14070 0.020458
14080 0.0200944
14090 0.021394
14100 0.0199571
14110 0.0206329
14120 0.0204913
14130 0.0202804
14140 0.0201673
14150 0.0202083
14160 0.0204638
14170 0.0203015
14180 0.0201973
14190 0.0202086
14200 0.0201845
14210 0.0203112
14220 0.0202453
14230 0.0202983
14240 0.0211155
14250 0.0208481
14260 0.0202719
14270 0.0208439
14280 0.0209144
14290 0.0203044
14300 0.020351
14310 0.0208591
14320 0.0216598
14330 0.0205344
14340 0.0219498
14350 0.0210115
14360 0.0207596
14370 0.0281602
14380 0.0205736
14390 0.0205665
14400 0.0211572
14410 0.0206676
14420 0.0227273
14430 0.0227148
14440 0.0211427
14450 0.0208796
14460 0.0208887
14470 0.0208877
14480 0.0216288
14490 0.020786
14500 0.0205442
14510 0.0210938
14520 0.0209125
14530 0.0210039
14540 0.0207028
14550 0.0210521
14560 0.0218124
14570 0.0210406
14580 0.0210043
14590 0.0211132
14600 0.0212699
14610 0.0217687
14620 0.021238
14630 0.0212156
14640 0.0225485
14650 0.0214776
14660 0.0215986
14670 0.0212063
14680 0.0213803
14690 0.0211505
14700 0.0211277
14710 0.0211288
14720 0.0226628
14730 0.0213864
14740 0.0212962
14750 0.0213537
14760 0.0217492
14770 0.0213898
14780 0.0218488
14790 0.0219367
14800 0.0262208
14810 0.0228882
14820 0.0214808
14830 0.0218981
14840 0.0220726
14850 0.0224721
14860 0.0216441
14870 0.021889
14880 0.0228547
14890 0.021402
14900 0.0213864
14910 0.0215415
14920 0.0238775
14930 0.0218914
14940 0.0217024
14950 0.021437
14960 0.0225722
14970 0.0215042
14980 0.021624
14990 0.0215101
15000 0.0214835
15010 0.0216061
15020 0.0218933
15030 0.0223218
15040 0.022775
15050 0.0220489
15060 0.0223014
15070 0.0219906
15080 0.0221398
15090 0.0238524
15100 0.022053
15110 0.0221368
15120 0.0224619
15130 0.0231055
15140 0.022601
15150 0.0226515
15160 0.0225425
15170 0.0223078
15180 0.0218304
15190 0.0219707
15200 0.022694
15210 0.0219424
15220 0.0221373
15230 0.0229202
15240 0.0222195
15250 0.0223942
15260 0.0222534
15270 0.022135
15280 0.0229861
15290 0.0227542
15300 0.0218586
15310 0.0222439
15320 0.0221787
15330 0.0226666
15340 0.0220871
15350 0.022231
15360 0.0232607
15370 0.022408
15380 0.0221301
15390 0.0221826
15400 0.0221351
15410 0.0221211
15420 0.0222263
15430 0.0226026
15440 0.0233686
15450 0.0223643
15460 0.0233302
15470 0.0231952
15480 0.0223148
15490 0.0221824
15500 0.0226004
15510 0.022248
15520 0.0229412
15530 0.0224499
15540 0.0221991
15550 0.0223582
15560 0.0229601
15570 0.0225861
15580 0.0225183
15590 0.0223803
15600 0.0233462
15610 0.0224954
15620 0.0223675
15630 0.0227105
15640 0.0223951
15650 0.022575
15660 0.0232631
15670 0.0225359
15680 0.0229315
15690 0.023915
15700 0.0226843
15710 0.0226539
15720 0.0229883
15730 0.0227098
15740 0.0227405
15750 0.02297
15760 0.023693
15770 0.022803
15780 0.0227946
15790 0.0225464
15800 0.0230336
15810 0.0228866
15820 0.0234744
15830 0.0230453
15840 0.0241788
15850 0.0227935
15860 0.0232887
15870 0.0226902
15880 0.0228749
15890 0.0229137
15900 0.0227864
15910 0.0229622
15920 0.0236789
15930 0.0231005
15940 0.0231301
15950 0.0238817
15960 0.0227814
15970 0.0231892
15980 0.0231486
15990 0.0228691
16000 0.023445
16010 0.0230622
16020 0.0233708
16030 0.0230729
16040 0.0230494
16050 0.0229954
16060 0.0231523
16070 0.0239493
16080 0.0230024
16090 0.0231188
16100 0.0232305
16110 0.0232306
16120 0.0236823
16130 0.0237844
16140 0.0231936
16150 0.0236021
16160 0.0239792
16170 0.02372
16180 0.0239739
16190 0.0234703
16200 0.0234095
16210 0.0235104
16220 0.0235686
16230 0.0232714
16240 0.0236912
16250 0.0237092
16260 0.023286
16270 0.0233784
16280 0.0233404
16290 0.0239013
16300 0.0239044
16310 0.0237756
16320 0.0233779
16330 0.0236132
16340 0.0233765
16350 0.0237827
16360 0.0238539
16370 0.0242412
16380 0.023754
16390 0.0238889
16400 0.0240877
16410 0.0242515
16420 0.0242004
16430 0.0242839
16440 0.0245136
16450 0.0242779
16460 0.0245635
16470 0.0250996
16480 0.0246551
16490 0.024319
16500 0.0241782
16510 0.0251722
16520 0.0247701
16530 0.0244765
16540 0.0244042
16550 0.0239877
16560 0.0240442
16570 0.0240245
16580 0.0245784
16590 0.0252498
16600 0.02428
16610 0.0246583
16620 0.0245637
16630 0.0243323
16640 0.0245195
16650 0.0248801
16660 0.0246719
16670 0.0241626
16680 0.0244967
16690 0.024753
16700 0.0245547
16710 0.0246355
16720 0.0252004
16730 0.0245804
16740 0.0243981
16750 0.0246777
16760 0.0248112
16770 0.0242254
16780 0.024481
16790 0.025917
16800 0.0245862
16810 0.0244839
16820 0.024502
16830 0.0244309
16840 0.0247257
16850 0.0245412
16860 0.026277
16870 0.0245642
16880 0.0248431
16890 0.024377
16900 0.0251031
16910 0.0245646
16920 0.0258216
16930 0.0256092
16940 0.02519
16950 0.0251795
16960 0.0253384
16970 0.0253146
16980 0.0250598
16990 0.0247008
17000 0.0254111
17010 0.0254709
17020 0.0246393
17030 0.0248906
17040 0.0247189
17050 0.0247021
17060 0.0248927
17070 0.025643
17080 0.0250549
17090 0.0250233
17100 0.0259219
17110 0.0260904
17120 0.0260656
17130 0.0253856
17140 0.0253979
17150 0.0249757
17160 0.0249155
17170 0.0249821
17180 0.0248994
17190 0.0256645
17200 0.0251908
17210 0.0257781
17220 0.0250225
17230 0.0250552
17240 0.0249782
17250 0.0250622
17260 0.0252894
17270 0.0255604
17280 0.0258886
17290 0.0249557
17300 0.0250979
17310 0.0251701
17320 0.0252922
17330 0.0249942
17340 0.0262082
17350 0.0264953
17360 0.0252688
17370 0.0250935
17380 0.0253744
17390 0.0249992
17400 0.0253819
17410 0.0252924
17420 0.0265882
17430 0.0253665
17440 0.0251618
17450 0.0256853
17460 0.0254429
17470 0.025516
17480 0.0253614
17490 0.0264137
17500 0.02542
17510 0.0259494
17520 0.0251834
17530 0.0254149
17540 0.0252708
17550 0.0254538
17560 0.0268728
17570 0.025723
17580 0.0252775
17590 0.0254534
17600 0.0256166
17610 0.0256263
17620 0.0253952
17630 0.0265346
17640 0.0255184
17650 0.0255461
17660 0.0258559
17670 0.0256214
17680 0.0254893
17690 0.0255653
17700 0.0266394
17710 0.0256428
17720 0.0255248
17730 0.0255265
17740 0.0254793
17750 0.0255698
17760 0.0255843
17770 0.0267234
17780 0.0257848
17790 0.0256334
17800 0.0259015
17810 0.0256962
17820 0.0259457
17830 0.0262375
17840 0.0268466
17850 0.0256849
17860 0.0261557
17870 0.0256147
17880 0.0260825
17890 0.0259898
17900 0.026046
17910 0.0268484
17920 0.0257888
17930 0.0259907
17940 0.0259566
17950 0.025983
17960 0.0259791
17970 0.0264919
17980 0.0269542
17990 0.0260994
18000 0.026012
18010 0.0260602
18020 0.025805
18030 0.0260488
18040 0.0259664
18050 0.0267247
18060 0.0263962
18070 0.0262711
18080 0.0260189
18090 0.0268223
18100 0.0266015
18110 0.0274843
18120 0.0279164
18130 0.0273335
18140 0.0264079
18150 0.0274521
18160 0.025969
18170 0.0265175
18180 0.0261371
18190 0.027341
18200 0.0261759
18210 0.0263741
18220 0.0269708
18230 0.0262095
18240 0.0267502
18250 0.0264553
18260 0.0272819
18270 0.0262957
18280 0.0265661
18290 0.0263608
18300 0.0266627
18310 0.0266281
18320 0.0267249
18330 0.0274527
18340 0.0266589
18350 0.0267121
18360 0.0265135
18370 0.027369
18380 0.0268346
18390 0.0267096
18400 0.0278143
18410 0.0279601
18420 0.0267636
18430 0.0268303
18440 0.0268932
18450 0.0271481
18460 0.0273307
18470 0.0278822
18480 0.0268932
18490 0.0270894
18500 0.026997
18510 0.026826
18520 0.0269145
18530 0.0268243
18540 0.027945
18550 0.0268947
18560 0.0270548
18570 0.0271536
18580 0.0274188
18590 0.0269023
18600 0.027316
18610 0.0277702
18620 0.0269019
18630 0.0273848
18640 0.0271022
18650 0.0269892
18660 0.0273637
18670 0.0268252
18680 0.0275818
18690 0.0268302
18700 0.0270851
18710 0.0272691
18720 0.0272377
18730 0.027015
18740 0.0271632
18750 0.0275673
18760 0.0271638
18770 0.0273701
18780 0.0274523
18790 0.0272892
18800 0.0270357
18810 0.0272055
18820 0.0271608
18830 0.0274681
18840 0.0272898
18850 0.0277528
18860 0.0273203
18870 0.0273622
18880 0.0274086
18890 0.0272215
18900 0.0273892
18910 0.0272642
18920 0.0271915
18930 0.0273972
18940 0.0278034
18950 0.0273509
18960 0.0274223
18970 0.0273229
18980 0.0276332
18990 0.0273912
19000 0.0275897
19010 0.0299324
19020 0.0275866
19030 0.0273836
19040 0.0275112
19050 0.0279285
19060 0.0281363
19070 0.0276023
19080 0.0276953
19090 0.027647
19100 0.027638
19110 0.0277703
19120 0.0285155
19130 0.0279057
19140 0.027767
19150 0.0277411
19160 0.0276624
19170 0.0275837
19180 0.0277314
19190 0.0279604
19200 0.0277731
19210 0.027907
19220 0.0284884
19230 0.02779
19240 0.0301714
19250 0.0281105
19260 0.0281819
19270 0.0280319
19280 0.0282452
19290 0.0280083
19300 0.0292113
19310 0.0281003
19320 0.0282943
19330 0.027889
19340 0.0281736
19350 0.0279701
19360 0.0301689
19370 0.0280214
19380 0.0279992
19390 0.0279102
19400 0.0280483
19410 0.0279889
19420 0.0292408
19430 0.028146
19440 0.0280619
19450 0.0284711
19460 0.0282565
19470 0.0281093
19480 0.0294561
19490 0.0281869
19500 0.0281412
19510 0.0280914
19520 0.028138
19530 0.0292593
19540 0.0283411
19550 0.0281867
19560 0.0280085
19570 0.0285341
19580 0.0284951
19590 0.0282201
19600 0.0286935
19610 0.0285561
19620 0.0285943
19630 0.0288559
19640 0.0289446
19650 0.0297301
19660 0.0294905
19670 0.0284127
19680 0.0285469
19690 0.0286653
19700 0.0288447
19710 0.0286783
19720 0.0290347
19730 0.0287086
19740 0.0285854
19750 0.0287359
19760 0.0282993
19770 0.0472087
19780 0.0522539
19790 0.0428009
19800 0.051485
19810 0.0466126
19820 0.0482883
19830 0.0359253
19840 0.0364471
19850 0.0380653
19860 0.0355128
19870 0.0339911
19880 0.033614
19890 0.0340943
19900 0.0326771
19910 0.0344411
19920 0.0330429
19930 0.0421875
19940 0.0390842
19950 0.0323938
19960 0.0324564
19970 0.0322342
19980 0.0321145
19990 0.0313702
20000 0.0311291
21000 0.0307179
21500 0.032224
22000 0.0316994
22500 0.0323147
23000 0.0327412
23500 0.0335757
24000 0.0346452
24500 0.0347556
25000 0.0356043
25500 0.036192
26000 0.0368219
26500 0.0390811
27000 0.0387384
27500 0.0392836
28000 0.0407619
28500 0.0407236
29000 0.0425599
29500 0.0447239
30000 0.0432657
30500 0.0439807
31000 0.0449495
31500 0.0456105
32000 0.0461099
32500 0.0468672
33000 0.0485586
33500 0.0493428
34000 0.0499594
34500 0.0510961
35000 0.0523973
35500 0.0521751
36000 0.0530919
36500 0.0541109
37000 0.0550664
37500 0.0546905
38000 0.0560004
38500 0.0562622
39000 0.0565855
39500 0.0571885
40000 0.05779
40500 0.0589616
41000 0.059713
41500 0.0595873
42000 0.0621151
42500 0.0620312
43000 0.0626079
43500 0.0634477
44000 0.0636124
44500 0.0635503
45000 0.0650244
45500 0.0687764
46000 0.0660977
46500 0.0668861
47000 0.0671001
47500 0.0676349
48000 0.069346
48500 0.0691683
49000 0.0696358
49500 0.0707912
50000 0.0722177
51000 0.073717
53000 0.0746413
55000 0.0783716
57000 0.0814876
59000 0.0858444
60000 0.10579
62000 0.0890493
64000 0.0945913
66000 0.0968303
68000 0.101551
70000 0.102567
72000 0.104635
74000 0.115934
76000 0.10994
78000 0.116098
80000 0.119114
82000 0.120348
84000 0.12339
86000 0.127913
88000 0.128539
90000 0.133237
92000 0.132394
94000 0.136593
96000 0.138307
98000 0.138795
100000 0.143856
