1 5.212e-06
6 3.4015e-05
11 4.2077e-05
16 0.000102708
21 0.000100983
26 0.000102668
31 0.000134161
36 0.000166262
41 0.000144766
46 0.000136594
51 0.000140428
56 0.000150718
61 0.00016176
66 0.000178692
71 0.000199384
76 0.000266315
81 0.00027475
86 0.000340397
91 0.000274479
96 0.000273719
101 0.000326123
106 0.000353891
111 0.00030763
116 0.000319037
121 0.000531936
126 0.00048116
131 0.000422225
136 0.000386854
141 0.000585471
146 0.000447971
151 0.000587916
156 0.000522093
161 0.000664501
166 0.000540483
171 0.000537723
176 0.000799435
181 0.000581674
186 0.000605628
191 0.000750779
196 0.000760137
201 0.000824518
206 0.000895442
211 0.000780969
216 0.000808339
221 0.000630841
226 0.000828238
231 0.000699186
236 0.0010729
241 0.00131472
246 0.000706683
251 0.000803092
256 0.00089899
261 0.000758541
266 0.000808445
271 0.000805378
276 0.000976304
281 0.00116428
286 0.00286623
291 0.00087715
296 0.000896283
301 0.00105115
306 0.00128153
311 0.00132611
316 0.00123568
321 0.00102669
326 0.00139162
331 0.00100722
336 0.0013372
341 0.00108237
346 0.00112036
351 0.00137119
356 0.00126853
361 0.00131879
366 0.00151554
371 0.0016555
376 0.0015244
381 0.00118952
386 0.0015309
391 0.00149091
396 0.001701
401 0.00169877
406 0.00155171
411 0.00120111
416 0.00163669
421 0.00111828
426 0.00133385
431 0.00166576
436 0.00138707
441 0.00176406
446 0.0015937
451 0.00133747
456 0.00170578
461 0.00182613
466 0.0017299
471 0.0018041
476 0.00150967
481 0.00141379
486 0.00154231
491 0.00153696
496 0.00141735
501 0.00158949
506 0.0015587
511 0.00155639
516 0.00207787
521 0.00183302
526 0.00158847
531 0.00158566
536 0.00214541
541 0.00214882
546 0.00177307
551 0.00167969
556 0.00167363
561 0.00229924
566 0.00173498
571 0.00155992
576 0.00227148
581 0.00186888
586 0.00209985
591 0.00238329
596 0.00235032
601 0.00237805
606 0.00244528
611 0.00246822
616 0.00251011
621 0.00192938
626 0.00202305
631 0.00196725
636 0.00244294
641 0.00261887
646 0.00246313
651 0.00265772
656 0.00203593
661 0.00265709
666 0.00224155
671 0.00224797
676 0.00209302
681 0.00277907
686 0.0028766
691 0.0028227
696 0.00215206
701 0.00251958
706 0.00291328
711 0.00238945
716 0.00259186
721 0.00244392
726 0.00234036
731 0.00293999
736 0.00257708
741 0.00299655
746 0.0022815
751 0.00246261
756 0.0032321
761 0.0023444
766 0.00235812
771 0.00233811
776 0.00256135
781 0.00310164
786 0.00309881
791 0.00319468
796 0.00283013
801 0.0027445
806 0.00279211
811 0.00252003
816 0.00249677
821 0.00259691
826 0.00254516
831 0.00253275
836 0.00313244
841 0.00336063
846 0.0025853
851 0.00313761
856 0.0031269
861 0.0031057
866 0.00316732
871 0.00323577
876 0.00314085
881 0.00314144
886 0.0031248
891 0.00314086
896 0.00270884
901 0.00290443
906 0.00297423
911 0.00274622
916 0.00275075
921 0.00305538
926 0.00377754
931 0.00283072
936 0.00374545
941 0.00332502
946 0.00305584
951 0.00309067
956 0.00309799
961 0.00302094
966 0.00311567
971 0.00331554
976 0.00373854
981 0.00391104
986 0.00369084
991 0.00313459
996 0.00382387
1001 0.00347261
1006 0.00318219
1011 0.00387308
1016 0.00395943
1021 0.0029207
1026 0.00304616
1031 0.00404676
1036 0.00332174
1041 0.0033569
1046 0.00341744
1051 0.00354387
1056 0.00413532
1061 0.00442623
1066 0.00348445
1071 0.00348721
1076 0.0037077
1081 0.00354736
1086 0.00356501
1091 0.00357657
1096 0.00461797
1101 0.00404398
1106 0.00390416
1111 0.00387011
1116 0.00440894
1121 0.0046035
1126 0.00456193
1131 0.00492521
1136 0.0044328
1141 0.00458698
1146 0.00424677
1151 0.0047681
1156 0.00378773
1161 0.00520142
1166 0.00461897
1171 0.00394059
1176 0.00396683
1181 0.00390253
1186 0.00418192
1191 0.00511951
1196 0.00380767
1201 0.00486748
1206 0.00465599
1211 0.00503891
1216 0.00444388
1221 0.00410939
1226 0.00415755
1231 0.00593567
1236 0.0041121
1241 0.00431928
1246 0.0040854
1251 0.00415439
1256 0.00416916
1261 0.00411806
1266 0.00496346
1271 0.00436538
1276 0.00418141
1281 0.00426063
1286 0.00497895
1291 0.00429095
1296 0.00431806
1301 0.00515994
1306 0.00437665
1311 0.00415635
1316 0.00465013
1321 0.0043713
1326 0.00434446
1331 0.00436607
1336 0.00436306
1341 0.00458868
1346 0.00451101
1351 0.00432865
1356 0.00445351
1361 0.00439634
1366 0.00449453
1371 0.00449069
1376 0.00446993
1381 0.00459691
1386 0.00458207
1391 0.00490476
1396 0.00495435
1401 0.00453842
1406 0.00513804
1411 0.00487085
1416 0.00531776
1421 0.00500306
1426 0.00475636
1431 0.00428424
1436 0.00476123
1441 0.0048009
1446 0.0047573
1451 0.00544976
1456 0.00459386
1461 0.00433623
1466 0.00469524
1471 0.00495377
1476 0.00491674
1481 0.00492401
1486 0.004589
1491 0.00495643
1496 0.00499736
1501 0.00488833
1506 0.00566989
1511 0.00467904
1516 0.00572427
1521 0.00489498
1526 0.00478828
1531 0.00440853
1536 0.00435848
1541 0.00538093
1546 0.00565698
1551 0.00587091
1556 0.00610499
1561 0.00584982
1566 0.00570081
1571 0.00557288
1576 0.00512053
1581 0.00523353
1586 0.00498839
1591 0.0063135
1596 0.00601273
1601 0.00620332
1606 0.00500847
1611 0.00506036
1616 0.00555581
1621 0.00546392
1626 0.00531355
1631 0.00583507
1636 0.00606267
1641 0.00587007
1646 0.00542928
1651 0.0050238
1656 0.00513944
1661 0.00622557
1666 0.00554027
1671 0.00517085
1676 0.00599701
1681 0.00502695
1686 0.00490739
1691 0.00534202
1696 0.00549409
1701 0.00529671
1706 0.00622566
1711 0.00524839
1716 0.00662011
1721 0.00595238
1726 0.00569275
1731 0.00646242
1736 0.0052978
1741 0.0057743
1746 0.0053775
1751 0.00541527
1756 0.00781371
1761 0.00582705
1766 0.0079762
1771 0.00757849
1776 0.0062144
1781 0.00815389
1786 0.00826167
1791 0.00575481
1796 0.00560233
1801 0.00546335
1806 0.00538307
1811 0.00572799
1816 0.00526882
1821 0.00586828
1826 0.00644617
1831 0.00666771
1836 0.00628887
1841 0.00658309
1846 0.00643591
1851 0.006812
1856 0.00672844
1861 0.00612345
1866 0.00608767
1871 0.00577474
1876 0.0060122
1881 0.0056548
1886 0.00595106
1891 0.00691223
1896 0.00619926
1901 0.00671764
1906 0.00594792
1911 0.0058296
1916 0.00590129
1921 0.00687208
1926 0.00561694
1931 0.00566655
1936 0.00568582
1941 0.00626066
1946 0.00635782
1951 0.0080747
1956 0.00590706
1961 0.00591455
1966 0.00626857
1971 0.00713707
1976 0.00587886
1981 0.00606553
1986 0.00640569
1991 0.00554492
1996 0.00701251
2001 0.00610873
2006 0.00729511
2011 0.00546258
2016 0.00671138
2021 0.00613392
2026 0.00647024
2031 0.0059823
2036 0.00617179
2041 0.0063098
2046 0.00617082
2051 0.00629667
2056 0.00641512
2061 0.00657079
2066 0.00637933
2071 0.00647493
2076 0.00698278
2081 0.00635087
2086 0.00770826
2091 0.00682892
2096 0.00658996
2101 0.0070655
2106 0.00633189
2111 0.00729451
2116 0.00733971
2121 0.00654283
2126 0.00638618
2131 0.00645608
2136 0.00644568
2141 0.0064052
2146 0.00708398
2151 0.00691988
2156 0.00698259
2161 0.00667865
2166 0.00663343
2171 0.00681938
2176 0.00679121
2181 0.00687045
2186 0.00686277
2191 0.00682313
2196 0.00710962
2201 0.00845696
2206 0.00742081
2211 0.00766786
2216 0.00711603
2221 0.00709007
2226 0.00776694
2231 0.00878513
2236 0.00639955
2241 0.00695231
2246 0.00681245
2251 0.00692804
2256 0.00711642
2261 0.00692784
2266 0.00705782
2271 0.00715966
2276 0.00707538
2281 0.00709472
2286 0.00709213
2291 0.00782808
2296 0.00740096
2301 0.00725927
2306 0.00757126
2311 0.00762456
2316 0.00784509
2321 0.00748164
2326 0.00809008
2331 0.00795895
2336 0.00748191
2341 0.00741527
2346 0.00822937
2351 0.00821984
2356 0.00816837
2361 0.00751972
2366 0.00824928
2371 0.0075304
2376 0.00819075
2381 0.00750486
2386 0.00907513
2391 0.00757438
2396 0.00708193
2401 0.00786693
2406 0.00717157
2411 0.00725712
2416 0.0083081
2421 0.0076824
2426 0.00763692
2431 0.00778214
2436 0.00769628
2441 0.00776926
2446 0.00776023
2451 0.00768704
2456 0.00903364
2461 0.00859596
2466 0.00809808
2471 0.00739916
2476 0.00822483
2481 0.00820392
2486 0.00883541
2491 0.00806222
2496 0.00800631
2501 0.0079832
2506 0.008006
2511 0.00798354
2516 0.0080547
2521 0.00838018
2526 0.0080145
2531 0.00814773
2536 0.00818905
2541 0.0089941
2546 0.00879125
2551 0.0082505
2556 0.00810381
2561 0.00795378
2566 0.00793427
2571 0.0079275
2576 0.00803767
2581 0.00860732
2586 0.0122605
2591 0.0103526
2596 0.0100258
2601 0.0128195
2606 0.00969517
2611 0.00889245
2616 0.00883677
2621 0.00883002
2626 0.0083809
2631 0.00765197
2636 0.00917267
2641 0.00838817
2646 0.00907735
2651 0.00913579
2656 0.00931497
2661 0.00822953
2666 0.00891507
2671 0.00884249
2676 0.0125325
2681 0.00912723
2686 0.00903896
2691 0.0086804
2696 0.00960623
2701 0.0090542
2706 0.00832106
2711 0.00868289
2716 0.00888122
2721 0.00915792
2726 0.0083354
2731 0.00907075
2736 0.00847077
2741 0.00888966
2746 0.00864296
2751 0.00892896
2756 0.00959991
2761 0.0109278
2766 0.00981763
2771 0.0092566
2776 0.00959982
2781 0.00954362
2786 0.00966206
2791 0.00912788
2796 0.00960951
2801 0.0103852
2806 0.00825645
2811 0.00882732
2816 0.00891847
2821 0.00888617
2826 0.00977332
2831 0.00897625
2836 0.00849733
2841 0.00962893
2846 0.00942213
2851 0.00898638
2856 0.00856776
2861 0.00900573
2866 0.00949522
2871 0.00906138
2876 0.0100501
2881 0.00915742
2886 0.00986069
2891 0.00971672
2896 0.00970125
2901 0.00929473
2906 0.00915502
2911 0.0091631
2916 0.00881331
2921 0.00906415
2926 0.010009
2931 0.00932077
2936 0.00901057
2941 0.0091067
2946 0.00923579
2951 0.00939743
2956 0.0102039
2961 0.0101017
2966 0.0101265
2971 0.0103622
2976 0.00968555
2981 0.00946044
2986 0.00960068
2991 0.0102531
2996 0.00950237
3001 0.0100331
3006 0.0104375
3011 0.0103153
3016 0.0104799
3021 0.0103749
3026 0.0104577
3031 0.0104009
3036 0.00996992
3041 0.00995403
3046 0.0097884
3051 0.0106011
3056 0.00991429
3061 0.010263
3066 0.0104554
3071 0.00988392
3076 0.0102025
3081 0.00979827
3086 0.0102721
3091 0.0105889
3096 0.0105212
3101 0.0102783
3106 0.00960008
3111 0.0114772
3116 0.00987515
3121 0.0101903
3126 0.0105651
3131 0.0107988
3136 0.0105949
3141 0.0110808
3146 0.0109036
3151 0.0102391
3156 0.0111283
3161 0.0109342
3166 0.0113301
3171 0.0113328
3176 0.0109384
3181 0.010854
3186 0.0111237
3191 0.0110982
3196 0.0110483
3201 0.0107634
3206 0.0108627
3211 0.0111451
3216 0.0114072
3221 0.0112685
3226 0.0106461
3231 0.010375
3236 0.010283
3241 0.0102997
3246 0.0104542
3251 0.00999963
3256 0.0105597
3261 0.0106563
3266 0.010246
3271 0.0113516
3276 0.0102178
3281 0.0102609
3286 0.0106303
3291 0.00956367
3296 0.0102534
3301 0.0100598
3306 0.0121634
3311 0.0104928
3316 0.0100358
3321 0.0103812
3326 0.0100301
3331 0.0105981
3336 0.010938
3341 0.0101101
3346 0.0100065
3351 0.0101854
3356 0.0102695
3361 0.0105134
3366 0.0108707
3371 0.0154166
3376 0.0103252
3381 0.0105793
3386 0.0101731
3391 0.0111479
3396 0.0110444
3401 0.0118004
3406 0.0109471
3411 0.00997069
3416 0.010681
3421 0.0106887
3426 0.0106493
3431 0.0115966
3436 0.0108229
3441 0.0102163
3446 0.0103838
3451 0.0104416
3456 0.0105698
3461 0.0111628
3466 0.0109927
3471 0.0138998
3476 0.0110647
3481 0.0130011
3486 0.0111465
3491 0.0106304
3496 0.0110546
3501 0.0101331
3506 0.0106758
3511 0.0189537
3516 0.0191209
3521 0.0156736
3526 0.0113096
3531 0.0182761
3536 0.0127255
3541 0.015581
3546 0.0115796
3551 0.0172928
3556 0.0166268
3561 0.0185593
3566 0.0671572
3571 0.0175507
3576 0.0262064
3581 0.0178926
3586 0.0177455
3591 0.0159807
3596 0.0169681
3601 0.0197293
3606 0.0150881
3611 0.0135308
3616 0.0134981
3621 0.0149286
3626 0.0160701
3631 0.0163122
3636 0.0139193
3641 0.0140213
3646 0.0170874
3651 0.011976
3656 0.0145146
3661 0.012194
3666 0.016687
3671 0.0144318
3676 0.0121677
3681 0.0167408
3686 0.0163168
3691 0.0140389
3696 0.0130801
3701 0.0121768
3706 0.0129326
3711 0.0156281
3716 0.0161568
3721 0.0117891
3726 0.0149606
3731 0.0159506
3736 0.0146654
3741 0.0165312
3746 0.0162889
3751 0.0130387
3756 0.0158891
3761 0.015023
3766 0.0143835
3771 0.0144958
3776 0.0144422
3781 0.0158248
3786 0.0164295
3791 0.0165029
3796 0.0189705
3801 0.0159485
3806 0.0175411
3811 0.0134522
3816 0.013511
3821 0.0129674
3826 0.0146525
3831 0.013665
3836 0.0134639
3841 0.0165031
3846 0.0156044
3851 0.014796
3856 0.015651
3861 0.015314
3866 0.0156667
3871 0.0140185
3876 0.0154291
3881 0.0137553
3886 0.0131337
3891 0.0176478
3896 0.0127046
3901 0.013432
3906 0.0154492
3911 0.0160846
3916 0.0161533
3921 0.0174753
3926 0.0164015
3931 0.0145409
3936 0.012462
3941 0.0131551
3946 0.0144229
3951 0.0139411
3956 0.0143151
3961 0.0144298
3966 0.0132104
3971 0.0147559
3976 0.0132814
3981 0.0144773
3986 0.0137062
3991 0.013646
3996 0.0136844
4001 0.0138259
4006 0.0148269
4011 0.0126491
4016 0.0153758
4021 0.0132731
4026 0.0150533
4031 0.013828
4036 0.0163411
4041 0.0127616
4046 0.0135774
4051 0.0167519
4056 0.0169835
4061 0.0179173
4066 0.0140552
4071 0.0136565
4076 0.0139689
4081 0.0139114
4086 0.0154503
4091 0.0161443
4096 0.0135064
4101 0.0148968
4106 0.0152815
4111 0.0143826
4116 0.0144654
4121 0.0167232
4126 0.0123314
4131 0.0139576
4136 0.0157009
4141 0.0156573
4146 0.0148701
4151 0.0149264
4156 0.014763
4161 0.0143893
4166 0.0156268
4171 0.0176361
4176 0.016992
4181 0.0155026
4186 0.0153935
4191 0.0147927
4196 0.0155354
4201 0.0194783
4206 0.0192427
4211 0.0136849
4216 0.0170748
4221 0.0187699
4226 0.0158872
4231 0.0153638
4236 0.0191879
4241 0.0163773
4246 0.0193497
4251 0.0222128
4256 0.0169421
4261 0.0163086
4266 0.014634
4271 0.0194562
4276 0.0154902
4281 0.0141393
4286 0.0208917
4291 0.0180898
4296 0.0201772
4301 0.0151969
4306 0.0151872
4311 0.0205646
4316 0.0159038
4321 0.0160924
4326 0.017255
4331 0.0198755
4336 0.0203643
4341 0.0152974
4346 0.0243197
4351 0.0162581
4356 0.0151298
4361 0.0182365
4366 0.0155145
4371 0.0187969
4376 0.0153015
4381 0.0211903
4386 0.0168524
4391 0.0170641
4396 0.0165437
4401 0.0174279
4406 0.0144772
4411 0.0164802
4416 0.0153809
4421 0.0175625
4426 0.0159523
4431 0.0161566
4436 0.0174833
4441 0.0205724
4446 0.0178067
4451 0.0173828
4456 0.0182471
4461 0.0168977
4466 0.0186973
4471 0.0162601
4476 0.0159084
4481 0.0165117
4486 0.0171013
4491 0.0149338
4496 0.0149414
4501 0.015177
4506 0.0164465
4511 0.0193008
4516 0.0155042
4521 0.0158914
4526 0.0187116
4531 0.0160651
4536 0.0169531
4541 0.0172003
4546 0.016428
4551 0.0172696
4556 0.0163772
4561 0.0188294
4566 0.0162484
4571 0.0180858
4576 0.0170811
4581 0.0169927
4586 0.0176357
4591 0.0191476
4596 0.0167981
4601 0.0168355
4606 0.0180375
4611 0.017245
4616 0.0170548
4621 0.0167627
4626 0.0191061
4631 0.0195346
4636 0.0160252
4641 0.0168363
4646 0.0174431
4651 0.0163696
4656 0.017905
4661 0.0195718
4666 0.0164353
4671 0.0171794
4676 0.0169998
4681 0.0168687
4686 0.016886
4691 0.0180517
4696 0.0168661
4701 0.0195423
4706 0.0176382
4711 0.0191658
4716 0.0207861
4721 0.0189176
4726 0.0186163
4731 0.0170228
4736 0.0166233
4741 0.0163833
4746 0.019265
4751 0.0160294
4756 0.0165458
4761 0.0193132
4766 0.0167985
4771 0.0175642
4776 0.0207397
4781 0.0172398
4786 0.018813
4791 0.0191619
4796 0.0201034
4801 0.0228899
4806 0.0233683
4811 0.0202393
4816 0.0202852
4821 0.0192535
4826 0.0185044
4831 0.0183214
4836 0.019302
4841 0.0266808
4846 0.0229029
4851 0.0166933
4856 0.0194944
4861 0.018701
4866 0.0198535
4871 0.0169515
4876 0.0194348
4881 0.02406
4886 0.0190659
4891 0.0194532
4896 0.0191949
4901 0.0205621
4906 0.0177917
4911 0.020069
4916 0.0184399
4921 0.0194081
4926 0.0203135
4931 0.0175547
4936 0.0189559
4941 0.0175562
4946 0.0176094
4951 0.0194051
4956 0.01699
4961 0.0185537
4966 0.0194564
4971 0.0179563
4976 0.0169347
4981 0.0205024
4986 0.0181828
4991 0.0170525
4996 0.0171785
5001 0.0214893
5006 0.0236927
5011 0.0202728
5016 0.0181965
5021 0.0186039
5026 0.0183399
5031 0.0183639
5036 0.0186694
5041 0.0202146
5046 0.0205784
5051 0.0176693
5056 0.0181949
5061 0.0170115
5066 0.0192035
5071 0.0182816
5076 0.019834
5081 0.017946
5086 0.0187927
5091 0.0203197
5096 0.0188801
5101 0.0187363
5106 0.017771
5111 0.0207328
5116 0.0194936
5121 0.0204258
5126 0.0200772
5131 0.021495
5136 0.018508
5141 0.0185048
5146 0.0186088
5151 0.0180207
5156 0.0198952
5161 0.019283
5166 0.019529
5171 0.018551
5176 0.0186273
5181 0.0195421
5186 0.0197974
5191 0.0197876
5196 0.0184954
5201 0.018912
5206 0.0189659
5211 0.0187994
5216 0.0197971
5221 0.0198144
5226 0.0192185
5231 0.0188038
5236 0.0195612
5241 0.0184702
5246 0.0181857
5251 0.0204083
5256 0.0224916
5261 0.0216517
5266 0.0198923
5271 0.0185923
5276 0.0190902
5281 0.0201042
5286 0.01824
5291 0.0204256
5296 0.0201947
5301 0.0194332
5306 0.0192889
5311 0.0189313
5316 0.0197314
5321 0.01988
5326 0.0185748
5331 0.0172754
5336 0.0180662
5341 0.0203884
5346 0.0195639
5351 0.019365
5356 0.0193979
5361 0.0195466
5366 0.0190015
5371 0.0206043
5376 0.0195573
5381 0.0194196
5386 0.0199494
5391 0.0191047
5396 0.0210021
5401 0.0179073
5406 0.0180982
5411 0.0184512
5416 0.0194696
5421 0.0191401
5426 0.0198501
5431 0.0199005
5436 0.0192977
5441 0.0186126
5446 0.0213082
5451 0.020577
5456 0.0174983
5461 0.0190102
5466 0.0188112
5471 0.0176475
5476 0.0174747
5481 0.0183404
5486 0.0179113
5491 0.0180044
5496 0.0188051
5501 0.0179163
5506 0.0178698
5511 0.0179172
5516 0.0207438
5521 0.0182099
5526 0.0185269
5531 0.017726
5536 0.0182573
5541 0.0178558
5546 0.018223
5551 0.0182449
5556 0.0177878
5561 0.0182025
5566 0.0185114
5571 0.0182868
5576 0.0177599
5581 0.0176698
5586 0.0182786
5591 0.0185499
5596 0.0191957
5601 0.0197776
5606 0.0181567
5611 0.0186043
5616 0.0179144
5621 0.0179306
5626 0.0186937
5631 0.0189881
5636 0.0172124
5641 0.0179405
5646 0.0178608
5651 0.0176836
5656 0.0179205
5661 0.0172863
5666 0.0177111
5671 0.0176664
5676 0.0182045
5681 0.0179247
5686 0.0192338
5691 0.0184259
5696 0.0186884
5701 0.0181499
5706 0.018542
5711 0.0195763
5716 0.0179023
5721 0.0183264
5726 0.0182776
5731 0.0190438
5736 0.0185633
5741 0.0190131
5746 0.019305
5751 0.019721
5756 0.0183139
5761 0.0185289
5766 0.0188796
5771 0.018539
5776 0.018598
5781 0.0178935
5786 0.0174586
5791 0.0178591
5796 0.0187725
5801 0.0190394
5806 0.0190554
5811 0.0185971
5816 0.0186851
5821 0.0191
5826 0.0200413
5831 0.0192987
5836 0.0184388
5841 0.0185212
5846 0.0186494
5851 0.0182181
5856 0.0181711
5861 0.0198284
5866 0.0184092
5871 0.0182622
5876 0.0181186
5881 0.0183744
5886 0.0186121
5891 0.0185288
5896 0.0195793
5901 0.0185133
5906 0.0179784
5911 0.0183712
5916 0.0178204
5921 0.0195363
5926 0.0186415
5931 0.0178268
5936 0.0180192
5941 0.0195471
5946 0.0183725
5951 0.0194706
5956 0.0245085
5961 0.0217339
5966 0.018595
5971 0.0192152
5976 0.0187155
5981 0.019664
5986 0.0184948
5991 0.0192875
5996 0.0194091
6001 0.0190601
6006 0.0208263
6011 0.0206811
6016 0.0206674
6021 0.0267163
6026 0.0212444
6031 0.0221395
6036 0.0227342
6041 0.0187352
6046 0.0211272
6051 0.0193976
6056 0.0195439
6061 0.0195088
6066 0.0188652
6071 0.0187759
6076 0.0181527
6081 0.0191017
6086 0.0190893
6091 0.0191866
6096 0.0197479
6101 0.019644
6106 0.0188771
6111 0.019215
6116 0.0191903
6121 0.0188231
6126 0.0190403
6131 0.0187088
6136 0.0187888
6141 0.0198577
6146 0.0184967
6151 0.0184294
6156 0.0189173
6161 0.018432
6166 0.0185956
6171 0.018617
6176 0.018799
6181 0.0191694
6186 0.0198403
6191 0.0192343
6196 0.0189502
6201 0.0196008
6206 0.0193241
6211 0.0191096
6216 0.0191771
6221 0.0190915
6226 0.0193199
6231 0.0195346
6236 0.0201839
6241 0.019096
6246 0.0190297
6251 0.0189377
6256 0.0187198
6261 0.0190825
6266 0.0199964
6271 0.0197738
6276 0.0193207
6281 0.0187885
6286 0.0194279
6291 0.0193129
6296 0.0192745
6301 0.0196142
6306 0.019117
6311 0.019261
6316 0.0201643
6321 0.0199806
6326 0.0200366
6331 0.0200472
6336 0.0199714
6341 0.0198268
6346 0.019768
6351 0.0193671
6356 0.0251042
6361 0.0216917
6366 0.0217251
6371 0.020611
6376 0.0202132
6381 0.020162
6386 0.0194615
6391 0.0196398
6396 0.0193855
6401 0.0205153
6406 0.0196718
6411 0.0192681
6416 0.0205543
6421 0.0196976
6426 0.0199563
6431 0.0204219
6436 0.0200937
6441 0.0198208
6446 0.0201073
6451 0.019903
6456 0.0195081
6461 0.019833
6466 0.0191364
6471 0.0195763
6476 0.0192472
6481 0.0204772
6486 0.0196545
6491 0.0203896
6496 0.0197606
6501 0.0216167
6506 0.0203561
6511 0.0196068
6516 0.0194023
6521 0.0197991
6526 0.0195932
6531 0.0203441
6536 0.0200746
6541 0.0197912
6546 0.0195132
6551 0.0197517
6556 0.019869
6561 0.0195387
6566 0.0199497
6571 0.0201891
6576 0.0200152
6581 0.0194942
6586 0.0194858
6591 0.020075
6596 0.0198641
6601 0.0195416
6606 0.0199509
6611 0.0200905
6616 0.020022
6621 0.0196317
6626 0.0201301
6631 0.0216672
6636 0.0200404
6641 0.0200614
6646 0.0199994
6651 0.0205014
6656 0.0197418
6661 0.0198125
6666 0.019959
6671 0.0198434
6676 0.0204012
6681 0.0199387
6686 0.0199132
6691 0.0276958
6696 0.0200978
6701 0.0201446
6706 0.0202849
6711 0.0199817
6716 0.020929
6721 0.0204757
6726 0.0203475
6731 0.0198717
6736 0.0199243
6741 0.0207081
6746 0.0203318
6751 0.0210223
6756 0.0203097
6761 0.0205468
6766 0.0200759
6771 0.0210257
6776 0.0210401
6781 0.0203643
6786 0.0210811
6791 0.0204428
6796 0.0211188
6801 0.0212354
6806 0.0217974
6811 0.0211155
6816 0.0208026
6821 0.0205179
6826 0.0208978
6831 0.0205111
6836 0.0209754
6841 0.0206307
6846 0.0205923
6851 0.0229814
6856 0.0205992
6861 0.0205489
6866 0.0210641
6871 0.0205969
6876 0.0213149
6881 0.0207287
6886 0.0209636
6891 0.0202958
6896 0.0217174
6901 0.0209158
6906 0.0202632
6911 0.0206148
6916 0.0208005
6921 0.0215551
6926 0.0209309
6931 0.0214103
6936 0.0204159
6941 0.0212917
6946 0.0214535
6951 0.0212086
6956 0.0207903
6961 0.0214125
6966 0.0209002
6971 0.0214936
6976 0.0203714
6981 0.0205955
6986 0.0217222
6991 0.0205514
6996 0.0211664
7001 0.0205747
7006 0.0207655
7011 0.0211321
7016 0.0231376
7021 0.0210217
7026 0.0226905
7031 0.0219428
7036 0.0216956
7041 0.0209812
7046 0.02155
7051 0.0212764
7056 0.021101
7061 0.0213929
7066 0.0219516
7071 0.0217973
7076 0.0223262
7081 0.0217229
7086 0.0217452
7091 0.0214368
7096 0.020868
7101 0.0212642
7106 0.0218985
7111 0.0212077
7116 0.0219326
7121 0.0219329
7126 0.0218683
7131 0.0212604
7136 0.021746
7141 0.0210809
7146 0.0212376
7151 0.0210441
7156 0.0220757
7161 0.0213004
7166 0.0224887
7171 0.020993
7176 0.0212599
7181 0.0215274
7186 0.022034
7191 0.0219666
7196 0.0218239
7201 0.0209899
7206 0.0216649
7211 0.0222325
7216 0.0216022
7221 0.0214678
7226 0.0216578
7231 0.021216
7236 0.0214112
7241 0.0223168
7246 0.0220182
7251 0.0214868
7256 0.0225485
7261 0.027325
7266 0.021814
7271 0.0233818
7276 0.0215414
7281 0.0227295
7286 0.0217566
7291 0.0216959
7296 0.0222765
7301 0.0218704
7306 0.0219445
7311 0.021832
7316 0.0218172
7321 0.0217046
7326 0.0216806
7331 0.0218749
7336 0.0227728
7341 0.0231994
7346 0.0226543
7351 0.0223657
7356 0.0223337
7361 0.0218353
7366 0.0220416
7371 0.021865
7376 0.0222738
7381 0.0226139
7386 0.0228019
7391 0.0222688
7396 0.0228406
7401 0.0221073
7406 0.023718
7411 0.0220068
7416 0.0223455
7421 0.0221844
7426 0.0219595
7431 0.0223356
7436 0.0222549
7441 0.0218863
7446 0.0220809
7451 0.0222389
7456 0.0225245
7461 0.0227481
7466 0.0224205
7471 0.0228255
7476 0.0231068
7481 0.0221616
7486 0.0225086
7491 0.0227813
7496 0.022296
7501 0.0231782
7506 0.0222662
7511 0.0227548
7516 0.0226478
7521 0.0246893
7526 0.0218047
7531 0.0228425
7536 0.0217992
7541 0.0218049
7546 0.0218902
7551 0.0220312
7556 0.0224491
7561 0.0223453
7566 0.0231639
7571 0.0220432
7576 0.0230906
7581 0.0223312
7586 0.021998
7591 0.0224736
7596 0.0226454
7601 0.0220298
7606 0.0224685
7611 0.0224264
7616 0.022445
7621 0.0222396
7626 0.0221704
7631 0.0228671
7636 0.0226905
7641 0.0233552
7646 0.022624
7651 0.0234376
7656 0.023343
7661 0.0237072
7666 0.0228013
7671 0.0229442
7676 0.0248155
7681 0.0225857
7686 0.0225319
7691 0.0225521
7696 0.0228092
7701 0.0223939
7706 0.022954
7711 0.0229555
7716 0.0228418
7721 0.022713
7726 0.0233592
7731 0.0263041
7736 0.0240366
7741 0.022876
7746 0.0226942
7751 0.0226117
7756 0.0224359
7761 0.0226675
7766 0.0223752
7771 0.0228966
7776 0.0229571
7781 0.023329
7786 0.0235606
7791 0.0228913
7796 0.022761
7801 0.023056
7806 0.0232393
7811 0.0229869
7816 0.0230846
7821 0.0233793
7826 0.0226551
7831 0.0229038
7836 0.0236368
7841 0.0235703
7846 0.0229496
7851 0.0225807
7856 0.0229846
7861 0.025036
7866 0.0229047
7871 0.0228647
7876 0.0248441
7881 0.0244489
7886 0.0238137
7891 0.0231368
7896 0.023285
7901 0.0245867
7906 0.0232774
7911 0.0230925
7916 0.022959
7921 0.0230138
7926 0.0233944
7931 0.0232306
7936 0.0231045
7941 0.0235075
7946 0.0230359
7951 0.0233225
7956 0.0232295
7961 0.0235176
7966 0.0236176
7971 0.0228718
7976 0.0230915
7981 0.0237476
7986 0.0231541
7991 0.0234465
7996 0.0236365
8001 0.0228817
8006 0.0229051
8011 0.0230401
8016 0.0232565
8021 0.0241311
8026 0.023604
8031 0.0240649
8036 0.0230872
8041 0.0233731
8046 0.0234137
8051 0.0234693
8056 0.0235587
8061 0.0242697
8066 0.0240489
8071 0.0232167
8076 0.0235202
8081 0.0232516
8086 0.0237859
8091 0.0241012
8096 0.0243333
8101 0.0240415
8106 0.0236171
8111 0.0248123
8116 0.0231945
8121 0.0234869
8126 0.0231925
8131 0.0233961
8136 0.0251058
8141 0.0243708
8146 0.0236301
8151 0.0246812
8156 0.0240673
8161 0.024351
8166 0.0234687
8171 0.023794
8176 0.0254709
8181 0.0253398
8186 0.0236744
8191 0.0232501
8196 0.0234554
8201 0.0235947
8206 0.0244563
8211 0.0247133
8216 0.0238482
8221 0.0243867
8226 0.024034
8231 0.0240201
8236 0.024006
8241 0.0244006
8246 0.0247696
8251 0.0242481
8256 0.0256923
8261 0.0255624
8266 0.0248631
8271 0.0241634
8276 0.0243398
8281 0.024182
8286 0.0249636
8291 0.0251846
8296 0.0253061
8301 0.0259644
8306 0.0250681
8311 0.024573
8316 0.0251802
8321 0.0249822
8326 0.0248825
8331 0.0250471
8336 0.0246247
8341 0.0255263
8346 0.0245366
8351 0.024472
8356 0.0250946
8361 0.0257996
8366 0.0249612
8371 0.0258779
8376 0.024934
8381 0.0259282
8386 0.0259115
8391 0.0249741
8396 0.0246659
8401 0.0249465
8406 0.0246037
8411 0.0250951
8416 0.025059
8421 0.0261046
8426 0.0255467
8431 0.0249835
8436 0.0254655
8441 0.0262922
8446 0.0248588
8451 0.0248368
8456 0.0272897
8461 0.0260031
8466 0.0257971
8471 0.025157
8476 0.0255395
8481 0.0260713
8486 0.025347
8491 0.0253499
8496 0.0255067
8501 0.0272094
8506 0.0262291
8511 0.0256558
8516 0.0252774
8521 0.0254951
8526 0.0254836
8531 0.0261328
8536 0.0264371
8541 0.0261531
8546 0.0254048
8551 0.0256099
8556 0.0254423
8561 0.0257331
8566 0.0265121
8571 0.0260174
8576 0.0280355
8581 0.0259234
8586 0.0257139
8591 0.0255471
8596 0.0255803
8601 0.0262252
8606 0.0271139
8611 0.026481
8616 0.0270373
8621 0.0267831
8626 0.0261405
8631 0.0259709
8636 0.0256587
8641 0.0268889
8646 0.0269638
8651 0.0259101
8656 0.0266198
8661 0.026459
8666 0.0259397
8671 0.0260756
8676 0.028899
8681 0.0271773
8686 0.0269249
8691 0.0265168
8696 0.0262535
8701 0.0259545
8706 0.0260192
8711 0.0262533
8716 0.0268769
8721 0.0263314
8726 0.0272351
8731 0.0264788
8736 0.0263047
8741 0.0266546
8746 0.0267472
8751 0.0268164
8756 0.0265882
8761 0.0271199
8766 0.0274592
8771 0.0262143
8776 0.0269117
8781 0.0267924
8786 0.0262307
8791 0.0271357
8796 0.0265496
8801 0.0273147
8806 0.0269894
8811 0.0267774
8816 0.0270845
8821 0.0270942
8826 0.0268845
8831 0.0275353
8836 0.0283196
8841 0.027489
8846 0.0274763
8851 0.0268731
8856 0.0276723
8861 0.0271803
8866 0.02663
8871 0.0277515
8876 0.027
8881 0.0270888
8886 0.0272794
8891 0.0270212
8896 0.0270429
8901 0.0273197
8906 0.0280443
8911 0.0272425
8916 0.0269764
8921 0.0268793
8926 0.0282606
8931 0.0274507
8936 0.0278299
8941 0.0279949
8946 0.027133
8951 0.0274595
8956 0.0270021
8961 0.0281671
8966 0.0276801
8971 0.0269779
8976 0.028075
8981 0.0279077
8986 0.0272547
8991 0.0276496
8996 0.0277442
9001 0.0275841
9006 0.027313
9011 0.0292874
9016 0.0279546
9021 0.0276356
9026 0.0281212
9031 0.0274998
9036 0.0278715
9041 0.0272359
9046 0.028376
9051 0.0284913
9056 0.0285565
9061 0.0274744
9066 0.0283394
9071 0.0279508
9076 0.0279522
9081 0.0279057
9086 0.0283325
9091 0.0280405
9096 0.0279003
9101 0.0285882
9106 0.0279956
9111 0.0278383
9116 0.0282143
9121 0.0276658
9126 0.0301296
9131 0.0275529
9136 0.0281269
9141 0.0278247
9146 0.0282282
9151 0.0285991
9156 0.0288025
9161 0.0290718
9166 0.0287242
9171 0.028252
9176 0.0289253
9181 0.0280055
9186 0.0293903
9191 0.0280077
9196 0.0283594
9201 0.0287777
9206 0.0283385
9211 0.0290604
9216 0.0291433
9221 0.0300566
9226 0.0284633
9231 0.0285045
9236 0.0283445
9241 0.0285919
9246 0.0282794
9251 0.0279193
9256 0.0285069
9261 0.027979
9266 0.0290023
9271 0.0287679
9276 0.0286459
9281 0.0283118
9286 0.0286305
9291 0.0283847
9296 0.0282558
9301 0.0288032
9306 0.0286143
9311 0.0288411
9316 0.0289056
9321 0.0285493
9326 0.0285401
9331 0.0285557
9336 0.0286657
9341 0.028802
9346 0.0295051
9351 0.0289921
9356 0.0296412
9361 0.0288705
9366 0.028771
9371 0.0288404
9376 0.0294198
9381 0.0289932
9386 0.028669
9391 0.0285202
9396 0.0304458
9401 0.029398
9406 0.0293764
9411 0.0290747
9416 0.0294718
9421 0.0289662
9426 0.0296088
9431 0.0302301
9436 0.0344825
9441 0.0291235
9446 0.0302815
9451 0.0298188
9456 0.029566
9461 0.0287999
9466 0.029866
9471 0.0295293
9476 0.029721
9481 0.0298885
9486 0.0295461
9491 0.029186
9496 0.0303146
9501 0.0306728
9506 0.0300541
9511 0.0291726
9516 0.0297833
9521 0.0296922
9526 0.0298333
9531 0.0298452
9536 0.0303712
9541 0.0296783
9546 0.0300046
9551 0.0295814
9556 0.0305992
9561 0.0305345
9566 0.0301106
9571 0.0312401
9576 0.030265
9581 0.0302585
9586 0.0302485
9591 0.0292928
9596 0.0298019
9601 0.0302122
9606 0.0308791
9611 0.0300944
9616 0.0295973
9621 0.0298081
9626 0.0298366
9631 0.0300758
9636 0.0303689
9641 0.0295666
9646 0.0298961
9651 0.0300276
9656 0.0301031
9661 0.0297015
9666 0.0297215
9671 0.0306027
9676 0.0310127
9681 0.0301878
9686 0.030289
9691 0.0306426
9696 0.0299966
9701 0.0297778
9706 0.030637
9711 0.0305543
9716 0.0297347
9721 0.0304947
9726 0.0302261
9731 0.0305886
9736 0.0309188
9741 0.0310351
9746 0.0308832
9751 0.0298143
9756 0.0326531
9761 0.0296182
9766 0.030165
9771 0.0301469
9776 0.0306512
9781 0.0311478
9786 0.0303161
9791 0.0307765
9796 0.0300495
9801 0.0306975
9806 0.030084
9811 0.0302105
9816 0.0316906
9821 0.0298886
9826 0.0303321
9831 0.0300207
9836 0.0305767
9841 0.029948
9846 0.0301872
9851 0.0306029
9856 0.0299935
9861 0.0301122
9866 0.0303346
9871 0.0303274
9876 0.0310868
9881 0.0304069
9886 0.0320197
9891 0.0305356
9896 0.030592
9901 0.0372798
9906 0.0398285
9911 0.0305247
9916 0.03385
9921 0.0342528
9926 0.0324386
9931 0.0315278
9936 0.0361851
9941 0.0330587
9946 0.0318805
9951 0.0314565
9956 0.0314682
9961 0.0309389
9966 0.031153
9971 0.0305446
9976 0.0309186
9981 0.031323
9986 0.0311329
9991 0.031293
9996 0.0308294
10001 0.0312867
10006 0.0309526
10011 0.0318359
10016 0.0328734
10021 0.0311963
10026 0.0324672
10031 0.0320208
10036 0.032063
10041 0.0308805
10046 0.0307824
10051 0.0326866
10056 0.0311201
10061 0.031396
10066 0.034917
10071 0.0307981
10076 0.0312518
10081 0.0321985
10086 0.0324004
10091 0.0312114
10096 0.031976
10101 0.0308893
10106 0.0313848
10111 0.0312467
10116 0.0315021
10121 0.0358045
10126 0.0316908
10131 0.031484
10136 0.0320791
10141 0.0319919
10146 0.0323544
10151 0.0324205
10156 0.0354624
10161 0.0345836
10166 0.0309207
10171 0.031359
10176 0.0309708
10181 0.0328955
10186 0.0369297
10191 0.0312644
10196 0.0319293
10201 0.031482
10206 0.0319972
10211 0.0326067
10216 0.0386262
10221 0.0318935
10226 0.0315698
10231 0.0313086
10236 0.0311496
10241 0.0325853
10246 0.0324944
10251 0.0336081
10256 0.0317919
10261 0.0312909
10266 0.0314253
10271 0.0316391
10276 0.0365873
10281 0.0361468
10286 0.0318637
10291 0.0317961
10296 0.0318893
10301 0.0318265
10306 0.0356814
10311 0.0314995
10316 0.0326571
10321 0.0323692
10326 0.0325725
10331 0.0327597
10336 0.03388
10341 0.0321521
10346 0.0354131
10351 0.0316745
10356 0.0320087
10361 0.0321708
10366 0.0319426
10371 0.0357554
10376 0.0364704
10381 0.0318255
10386 0.0326066
10391 0.0322343
10396 0.0322194
10401 0.0360491
10406 0.0327064
10411 0.0363065
10416 0.032485
10421 0.0323929
10426 0.0330839
10431 0.032291
10436 0.0328114
10441 0.033952
10446 0.0318066
10451 0.0321311
10456 0.0329977
10461 0.0322438
10466 0.0364726
10471 0.0370157
10476 0.0339346
10481 0.0323932
10486 0.0324748
10491 0.0335622
10496 0.0329749
10501 0.0322588
10506 0.0325289
10511 0.0322491
10516 0.0335535
10521 0.0332944
10526 0.0369497
10531 0.0327168
10536 0.0333767
10541 0.0327862
10546 0.0342785
10551 0.0331095
10556 0.0331913
10561 0.0333505
10566 0.0339672
10571 0.0322908
10576 0.0335385
10581 0.033117
10586 0.0331206
10591 0.0377557
10596 0.0494326
10601 0.0388011
10606 0.0349903
10611 0.0338846
10616 0.0327968
10621 0.0330715
10626 0.0339443
10631 0.0342941
10636 0.0331591
10641 0.0328314
10646 0.0336391
10651 0.033041
10656 0.0330965
10661 0.0335304
10666 0.0327206
10671 0.0325727
10676 0.0329223
10681 0.0325378
10686 0.0331709
10691 0.0330555
10696 0.0334455
10701 0.033122
10706 0.0326275
10711 0.0332511
10716 0.0331363
10721 0.0333101
10726 0.0328997
10731 0.03312
10736 0.0326996
10741 0.0347798
10746 0.0331579
10751 0.0338468
10756 0.0331264
10761 0.0333236
10766 0.0332096
10771 0.0329221
10776 0.0333018
10781 0.0346588
10786 0.0330978
10791 0.0333633
10796 0.0333545
10801 0.0334585
10806 0.0335218
10811 0.0342159
10816 0.0334394
10821 0.0341188
10826 0.0336058
10831 0.0331171
10836 0.0344424
10841 0.0349814
10846 0.0340764
10851 0.0341609
10856 0.034647
10861 0.0337401
10866 0.0334148
10871 0.0348737
10876 0.0336652
10881 0.0336564
10886 0.0336387
10891 0.0350497
10896 0.0335899
10901 0.034041
10906 0.0334773
10911 0.0334711
10916 0.0335045
10921 0.0334089
10926 0.0343284
10931 0.0351464
10936 0.0338969
10941 0.0341841
10946 0.0334582
10951 0.0335084
10956 0.0342
10961 0.0343843
10966 0.0353748
10971 0.0338723
10976 0.0344918
10981 0.0341267
10986 0.0337684
10991 0.0340928
10996 0.0343643
11001 0.034583
11006 0.0347353
11011 0.0341525
11016 0.034945
11021 0.0347175
11026 0.0344577
11031 0.0340058
11036 0.0350183
11041 0.0344543
11046 0.0340184
11051 0.0348288
11056 0.0346946
11061 0.0336393
11066 0.035053
11071 0.0339701
11076 0.033633
11081 0.0356907
11086 0.0339931
11091 0.0342481
11096 0.0343746
11101 0.0344953
11106 0.0342167
11111 0.0359338
11116 0.0340115
11121 0.0345403
11126 0.0343264
11131 0.0345818
11136 0.0342618
11141 0.0350029
11146 0.0343367
11151 0.0398088
11156 0.0350147
11161 0.0350012
11166 0.0341803
11171 0.0351708
11176 0.0364658
11181 0.0348935
11186 0.0343934
11191 0.0344048
11196 0.0345401
11201 0.0364483
11206 0.034511
11211 0.0344888
11216 0.0343503
11221 0.0348802
11226 0.034493
11231 0.0359872
11236 0.0352028
11241 0.0346678
11246 0.0346334
11251 0.0347509
11256 0.0348878
11261 0.035398
11266 0.0344314
11271 0.0347445
11276 0.0346321
11281 0.0348372
11286 0.0352619
11291 0.0353603
11296 0.0366949
11301 0.0357156
11306 0.0348712
11311 0.0356354
11316 0.0348193
11321 0.0362577
11326 0.0351011
11331 0.0345689
11336 0.0349489
11341 0.0372161
11346 0.0353046
11351 0.0361925
11356 0.0350019
11361 0.0347572
11366 0.0351902
11371 0.0348866
11376 0.0347676
11381 0.0359409
11386 0.0351024
11391 0.0349179
11396 0.0359549
11401 0.0352381
11406 0.0354106
11411 0.0362961
11416 0.0353565
11421 0.0351953
11426 0.03556
11431 0.0363486
11436 0.0355242
11441 0.0358979
11446 0.0354817
11451 0.0352911
11456 0.0350577
11461 0.0353607
11466 0.0355623
11471 0.0374379
11476 0.0365868
11481 0.0356395
11486 0.0464111
11491 0.0607528
11496 0.0637734
11501 0.0638085
11506 0.0624458
11511 0.0613195
11516 0.0590553
11521 0.0394446
11526 0.039827
11531 0.0423125
11536 0.0374668
11541 0.0373102
11546 0.0387219
11551 0.0375396
11556 0.0376783
11561 0.0359908
11566 0.0361293
11571 0.0360658
11576 0.0379038
11581 0.0354693
11586 0.0353674
11591 0.0358715
11596 0.0356757
11601 0.0355784
11606 0.0372284
11611 0.0359121
11616 0.0369036
11621 0.0394351
11626 0.0378004
11631 0.0365914
11636 0.036054
11641 0.0361831
11646 0.0357211
11651 0.0363339
11656 0.0357405
11661 0.0370168
11666 0.0357581
11671 0.0378662
11676 0.0367387
11681 0.0364898
11686 0.0368931
11691 0.0362986
11696 0.0364592
11701 0.0383738
11706 0.036545
11711 0.036491
11716 0.0361768
11721 0.0361691
11726 0.0364344
11731 0.0366856
11736 0.0368425
11741 0.0372319
11746 0.0380157
11751 0.0371015
11756 0.0367706
11761 0.0366072
11766 0.0359121
11771 0.0365292
11776 0.0367795
11781 0.0364401
11786 0.0362868
11791 0.0381953
11796 0.0361617
11801 0.0371469
11806 0.0379814
11811 0.0368362
11816 0.036927
11821 0.0364118
11826 0.036242
11831 0.0366849
11836 0.036849
11841 0.0367151
11846 0.0362612
11851 0.0382273
11856 0.038567
11861 0.0382431
11866 0.0384729
11871 0.0383145
11876 0.036536
11881 0.0370865
11886 0.0366006
11891 0.0372931
11896 0.0374941
11901 0.0366195
11906 0.038264
11911 0.0369046
11916 0.037469
11921 0.0368414
11926 0.0368497
11931 0.0373909
11936 0.0371788
11941 0.0379265
11946 0.0376103
11951 0.0371807
11956 0.0368022
11961 0.0374768
11966 0.0364346
11971 0.0367556
11976 0.0383377
11981 0.0412257
11986 0.0368619
11991 0.0387773
11996 0.0385881
12001 0.0387981
12006 0.0394408
12011 0.0376496
12016 0.0373104
12021 0.0381408
12026 0.0369864
12031 0.036647
12036 0.0391418
12041 0.0380346
12046 0.0371258
12051 0.0367691
12056 0.0371429
12061 0.0374152
12066 0.037889
12071 0.0372677
12076 0.0386323
12081 0.0369026
12086 0.038918
12091 0.0376626
12096 0.0384348
12101 0.0375688
12106 0.0398404
12111 0.0372816
12116 0.0379568
12121 0.0381955
12126 0.0371776
12131 0.0372478
12136 0.0380717
12141 0.0371643
12146 0.0376278
12151 0.0391849
12156 0.0376151
12161 0.037055
12166 0.039826
12171 0.038161
12176 0.0391588
12181 0.0372719
12186 0.0374222
12191 0.0380076
12196 0.0382563
12201 0.0377036
12206 0.0390278
12211 0.0396924
12216 0.0381345
12221 0.0370468
12226 0.0382912
12231 0.0394763
12236 0.0395152
12241 0.0374751
12246 0.0377293
12251 0.0375601
12256 0.0372634
12261 0.0381058
12266 0.03849
12271 0.0395045
12276 0.0374794
12281 0.0376814
12286 0.0394943
12291 0.0378192
12296 0.0374674
12301 0.0381344
12306 0.0390286
12311 0.037979
12316 0.0379253
12321 0.0389536
12326 0.0395981
12331 0.0373948
12336 0.0382222
12341 0.0386493
12346 0.0393336
12351 0.0383195
12356 0.0383525
12361 0.0386065
12366 0.0385586
12371 0.0391144
12376 0.0383079
12381 0.0381885
12386 0.0375165
12391 0.0385556
12396 0.0379024
12401 0.0401975
12406 0.0397552
12411 0.0387502
12416 0.0407346
12421 0.038001
12426 0.0398903
12431 0.0382103
12436 0.037906
12441 0.0385753
12446 0.0405403
12451 0.0380114
12456 0.0400265
12461 0.0380022
12466 0.0398463
12471 0.038312
12476 0.0399671
12481 0.0385922
12486 0.0389422
12491 0.0391387
12496 0.0390906
12501 0.0390405
12506 0.0379764
12511 0.0379567
12516 0.039133
12521 0.0384121
12526 0.0379575
12531 0.039744
12536 0.0388019
12541 0.0398925
12546 0.0388067
12551 0.0384935
12556 0.0383731
12561 0.0383963
12566 0.0389273
12571 0.0383542
12576 0.0385069
12581 0.0405126
12586 0.0387753
12591 0.0394184
12596 0.038252
12601 0.0384123
12606 0.0385063
12611 0.0388626
12616 0.0396489
12621 0.0381001
12626 0.0389744
12631 0.0394007
12636 0.0389785
12641 0.0409612
12646 0.0392065
12651 0.0409999
12656 0.0385355
12661 0.038488
12666 0.0396426
12671 0.0394625
12676 0.0386556
12681 0.0385451
12686 0.0386755
12691 0.0395187
12696 0.0388293
12701 0.0385388
12706 0.0388461
12711 0.0384516
12716 0.0398381
12721 0.0385331
12726 0.0401182
12731 0.0385828
12736 0.0391441
12741 0.0386896
12746 0.0409905
12751 0.0397426
12756 0.0406698
12761 0.0387547
12766 0.039676
12771 0.0403668
12776 0.0385531
12781 0.0389502
12786 0.0392943
12791 0.0394348
12796 0.0399364
12801 0.0386504
12806 0.0393017
12811 0.0389972
12816 0.0397722
12821 0.0408751
12826 0.0409935
12831 0.0392103
12836 0.0395269
12841 0.0401899
12846 0.0396829
12851 0.0403874
12856 0.0413044
12861 0.0394046
12866 0.0405424
12871 0.0398303
12876 0.0400206
12881 0.0391169
12886 0.0391762
12891 0.0402178
12896 0.0420773
12901 0.0411785
12906 0.0394161
12911 0.0393445
12916 0.0400266
12921 0.0392634
12926 0.0391202
12931 0.0390617
12936 0.0391425
12941 0.0396255
12946 0.0390862
12951 0.0390564
12956 0.0391941
12961 0.0402243
12966 0.0393669
12971 0.0402111
12976 0.0394099
12981 0.040368
12986 0.0398576
12991 0.0408227
12996 0.0403119
13001 0.0400547
13006 0.0394035
13011 0.0409316
13016 0.0409092
13021 0.0399228
13026 0.0391294
13031 0.0399509
13036 0.0399598
13041 0.0402983
13046 0.0401843
13051 0.0391913
13056 0.0418145
13061 0.0395948
13066 0.041186
13071 0.0394041
13076 0.0402436
13081 0.040536
13086 0.0397358
13091 0.0401646
13096 0.0399328
13101 0.0395075
13106 0.0413091
13111 0.0396664
13116 0.0409547
13121 0.040759
13126 0.0409034
13131 0.0397896
13136 0.0402532
13141 0.0406826
13146 0.0404777
13151 0.0395007
13156 0.0402118
13161 0.0395161
13166 0.0410946
13171 0.0406372
13176 0.0396153
13181 0.0405638
13186 0.0399722
13191 0.0415574
13196 0.0400443
13201 0.0408256
13206 0.0402623
13211 0.0401074
13216 0.0409177
13221 0.0407386
13226 0.0408469
13231 0.0403296
13236 0.0408802
13241 0.0414111
13246 0.0405137
13251 0.0404088
13256 0.0423393
13261 0.0425265
13266 0.040321
13271 0.0408959
13276 0.0400107
13281 0.0409359
13286 0.0407701
13291 0.0429902
13296 0.0418699
13301 0.0421916
13306 0.0411569
13311 0.0421801
13316 0.0409596
13321 0.0424083
13326 0.0403886
13331 0.0424145
13336 0.0421829
13341 0.0418874
13346 0.0409538
13351 0.0414173
13356 0.0437288
13361 0.0404131
13366 0.0435767
13371 0.0408725
13376 0.0438724
13381 0.0400317
13386 0.0407126
13391 0.0415061
13396 0.0411928
13401 0.0413543
13406 0.0410589
13411 0.0412507
13416 0.0418108
13421 0.0409418
13426 0.0402044
13431 0.0406908
13436 0.0416861
13441 0.0436072
13446 0.0406167
13451 0.0405286
13456 0.0407769
13461 0.0405769
13466 0.0417024
13471 0.0457692
13476 0.0429162
13481 0.0412172
13486 0.0405331
13491 0.0418237
13496 0.0413363
13501 0.0412714
13506 0.0410019
13511 0.0415496
13516 0.0407883
13521 0.0410275
13526 0.0412823
13531 0.0438239
13536 0.0417596
13541 0.0410646
13546 0.040923
13551 0.0416395
13556 0.041794
13561 0.0415006
13566 0.0409228
13571 0.0412406
13576 0.0410354
13581 0.0433669
13586 0.0432122
13591 0.0439734
13596 0.0431821
13601 0.0435057
13606 0.0432868
13611 0.0433951
13616 0.0421867
13621 0.0406546
13626 0.0419623
13631 0.0407539
13636 0.0413242
13641 0.0423537
13646 0.0436986
13651 0.0406135
13656 0.0435166
13661 0.0411727
13666 0.0428734
13671 0.041175
13676 0.0409437
13681 0.0423035
13686 0.0435784
13691 0.041637
13696 0.0420586
13701 0.0411522
13706 0.0411436
13711 0.0413025
13716 0.0453412
13721 0.0427914
13726 0.0410964
13731 0.0412241
13736 0.0455421
13741 0.0449238
13746 0.0424793
13751 0.0437101
13756 0.043724
13761 0.0436196
13766 0.0420797
13771 0.0411741
13776 0.0422444
13781 0.0423045
13786 0.041224
13791 0.0444987
13796 0.0422064
13801 0.042008
13806 0.0433882
13811 0.0419231
13816 0.0419702
13821 0.0413564
13826 0.0423277
13831 0.0411502
13836 0.0412576
13841 0.0416322
13846 0.0416777
13851 0.0440561
13856 0.0415386
13861 0.0424831
13866 0.0448239
13871 0.0442102
13876 0.0417864
13881 0.044671
13886 0.0412396
13891 0.0422695
13896 0.0422271
13901 0.0422753
13906 0.0418063
13911 0.0426513
13916 0.044275
13921 0.0424304
13926 0.0417824
13931 0.0442417
13936 0.0449452
13941 0.0433813
13946 0.0420351
13951 0.0432708
13956 0.0420158
13961 0.043546
13966 0.0433562
13971 0.0428101
13976 0.0427685
13981 0.0418553
13986 0.0423589
13991 0.0434224
13996 0.0417608
14001 0.0427586
14006 0.0443935
14011 0.0426913
14016 0.0433176
14021 0.042908
14026 0.0427859
14031 0.0421368
14036 0.0427893
14041 0.0424949
14046 0.0441112
14051 0.0418178
14056 0.0419277
14061 0.043203
14066 0.0422608
14071 0.0432702
14076 0.0428881
14081 0.0419218
14086 0.0425305
14091 0.0425603
14096 0.0426798
14101 0.0436689
14106 0.0448461
14111 0.0422683
14116 0.0453307
14121 0.0421403
14126 0.0446221
14131 0.0423122
14136 0.0433998
14141 0.045613
14146 0.0432838
14151 0.0429119
14156 0.0433111
14161 0.0434347
14166 0.043313
14171 0.0427193
14176 0.0421361
14181 0.0425138
14186 0.042146
14191 0.0460583
14196 0.0425604
14201 0.0452096
14206 0.0432004
14211 0.043809
14216 0.0440989
14221 0.0426136
14226 0.0436174
14231 0.0429323
14236 0.0436282
14241 0.0466184
14246 0.0447626
14251 0.0428409
14256 0.0427563
14261 0.0432144
14266 0.045948
14271 0.0436235
14276 0.0429557
14281 0.0426932
14286 0.0451183
14291 0.0430777
14296 0.0470206
14301 0.0438507
14306 0.0456842
14311 0.0467026
14316 0.0459193
14321 0.0433678
14326 0.0438252
14331 0.0435479
14336 0.0437086
14341 0.0446192
14346 0.043146
14351 0.0439398
14356 0.0440353
14361 0.0429723
14366 0.0435449
14371 0.043212
14376 0.045292
14381 0.0455364
14386 0.0427537
14391 0.0432016
14396 0.0458294
14401 0.0443069
14406 0.0434422
14411 0.0438658
14416 0.0444956
14421 0.0437277
14426 0.0429506
14431 0.0436804
14436 0.0426754
14441 0.0461271
14446 0.0456487
14451 0.0453297
14456 0.046471
14461 0.0466126
14466 0.0477371
14471 0.0432655
14476 0.0438961
14481 0.0431855
14486 0.0432315
14491 0.0437573
14496 0.0452905
14501 0.0451297
14506 0.045779
14511 0.045726
14516 0.0484308
14521 0.0430039
14526 0.0435364
14531 0.0435434
14536 0.0456597
14541 0.046515
14546 0.0432824
14551 0.0461096
14556 0.0436427
14561 0.0440998
14566 0.0461966
14571 0.0444265
14576 0.0441448
14581 0.0445587
14586 0.0433292
14591 0.0448882
14596 0.0431376
14601 0.0435403
14606 0.043428
14611 0.0437339
14616 0.0451408
14621 0.0436604
14626 0.0466158
14631 0.0441964
14636 0.0436637
14641 0.0453485
14646 0.0443415
14651 0.0436911
14656 0.0444805
14661 0.0479155
14666 0.0453939
14671 0.0447603
14676 0.0460175
14681 0.0442631
14686 0.0446517
14691 0.0458984
14696 0.0440337
14701 0.0440883
14706 0.0444667
14711 0.0438184
14716 0.044848
14721 0.0438429
14726 0.0439159
14731 0.0436347
14736 0.0438178
14741 0.0448484
14746 0.0461198
14751 0.0445599
14756 0.0446982
14761 0.0444098
14766 0.0469053
14771 0.0437626
14776 0.0477487
14781 0.0657346
14786 0.0539039
14791 0.0514253
14796 0.0520215
14801 0.0614915
14806 0.0542096
14811 0.0513057
14816 0.0635128
14821 0.0515419
14826 0.0473354
14831 0.0466406
14836 0.0441241
14841 0.0442658
14846 0.0445725
14851 0.0473175
14856 0.045076
14861 0.0465217
14866 0.0444171
14871 0.0442676
14876 0.0473986
14881 0.0449846
14886 0.044554
14891 0.0450896
14896 0.0460178
14901 0.0451537
14906 0.044944
14911 0.0465726
14916 0.0449243
14921 0.0468816
14926 0.0476019
14931 0.0445936
14936 0.0444497
14941 0.0451721
14946 0.0455316
14951 0.0460199
14956 0.045372
14961 0.0441615
14966 0.0444417
14971 0.0441883
14976 0.0468545
14981 0.045266
14986 0.0442293
14991 0.0452816
14996 0.0445247
15001 0.0458038
20000 0.0626991
30000 0.106518
40000 0.127734
50000 0.157328
60000 0.184756
70000 0.232345
80000 0.261799
90000 0.297321
100000 0.324084
110000 0.351103
120000 0.379442
130000 0.401235
140000 0.454454
150000 0.496789
160000 0.525455
170000 0.560294
180000 0.59308
190000 0.624856
200000 0.661722
210000 0.680923
220000 0.709965
230000 0.738614
240000 0.770405
250000 0.795857
260000 0.817894
270000 0.872127
280000 0.919292
290000 1.01563
300000 0.994478
310000 1.08458
320000 1.18609
330000 1.15448
340000 1.16055
350000 1.22119
360000 1.21132
370000 1.23232
380000 1.27464
390000 1.30112
400000 1.33265
410000 1.35324
420000 1.3901
430000 1.42234
440000 1.45224
450000 1.47215
460000 1.50372
470000 1.52822
480000 1.58333
490000 1.58723
500000 1.61335
510000 1.6319
520000 1.75326
530000 1.77352
540000 1.86893
550000 1.84868
560000 1.86611
570000 1.91722
580000 1.94953
590000 1.99278
600000 2.09128
